0.000000 1117.044643
0.250303 1112.951111
0.500978 3993.067797
0.753983 3441.207792
1.004978 3931.704918
1.256319 3440.337662
1.507099 1420.426136
1.757402 6028.463415
2.023758 21829.500000
2.274506 1270.310345
2.524931 1379.464088
2.774950 1981.104000
3.037185 20206.583333
3.290188 28927.111111
3.546456 1624.604790
3.797407 1257.145729
4.047890 1460.096386
4.299983 17250.466667
4.573452 27215.500000
4.837571 1667.168750
5.088586 1132.868778
5.339435 1412.284091
5.596084 15527.750000
5.859127 22283.416667
6.115316 1582.218182
6.365564 1112.408889
6.616405 1209.960976
6.867728 9386.200000
7.118586 23062.272727
7.369231 1481.516667
7.620211 2149.495575
7.877579 2531.875000
8.131415 2239.552632
8.382302 1137.859091
8.633031 1118.558036
8.884129 1118.633929
9.135097 1110.391111
9.385416 1109.880000
9.635461 1115.080357
9.885732 1112.426667
10.136433 1115.058036
10.386653 1110.768889
10.636901 1122.506726
10.887789 1107.929204
11.138537 1107.752212
11.389402 1111.617778
11.640017 1113.675556
11.890927 1109.942222
12.141112 1109.786667
12.391174 1111.475556
12.641752 1131.891403
12.892302 1111.715556
13.142938 1107.818584
13.393780 1108.924779
13.644834 1130.140271
13.894835 1108.601770
14.145967 1107.433628
14.396562 1108.380531
14.647645 1131.778281
14.898345 1117.785714
15.148999 1106.247788
15.399416 1107.460177
15.650217 1127.292793
15.900885 1115.308036
16.151073 1103.555066
16.401878 1104.261062
16.652047 1106.823009
16.902615 1105.845133
17.152978 1113.488889
17.403817 1105.637168
17.654088 1120.300448
17.904214 1107.663717
18.155153 1126.477477
18.405560 1107.323009
18.656435 1101.612335
18.906925 1111.560000
19.157679 1115.812500
19.407824 1106.106195
19.658348 1114.334821
19.908414 1111.506667
20.158968 1109.384956
20.410070 1106.933628
20.660725 1114.124444
20.911808 1113.973214
21.161893 1111.457778
21.412185 1111.960000
21.662852 1123.578475
21.913888 1108.853982
22.164555 1116.522321
22.415264 1107.123894
22.666012 1118.691964
22.917072 1115.303571
23.167410 1129.707207
23.418559 1110.528889
23.668804 1111.884444
23.919446 1108.358407
24.170207 1110.177778
24.420528 1116.392857
24.670880 1124.702703
24.921178 1113.737778
25.172172 1115.035714
25.422238 1106.486726
25.672605 1112.337778
25.923594 1119.946188
26.173642 1123.409910
26.423671 1107.836283
26.674508 1106.323009
26.924760 1112.475556
27.175418 1110.426667
27.425851 1105.783186
27.676204 1111.804444
27.926689 1105.230088
28.177145 1111.911111
28.427751 1115.258929
28.677876 1111.453333
28.928144 1108.110619
29.179293 1106.553097
29.429799 1110.222222
29.679859 1114.357143
29.930060 1119.869955
30.180136 1107.035398
30.430688 1103.681416
30.680756 1104.348018
30.931900 1119.808036
31.182869 1106.991150
31.433631 1108.995575
31.684869 1112.324444
31.935475 1115.584821
32.185812 1106.048673
32.436132 1108.150442
32.687014 1125.342342
32.937182 1118.383929
33.188106 1111.000000
33.438620 1109.671111
33.688739 1127.409910
33.939435 1112.937778
34.190247 1106.862832
34.440904 1102.920705
34.691530 1116.709821
34.942039 1107.584071
35.192684 1116.316964
35.443514 1117.933036
35.694260 1123.721973
35.945208 1116.116071
36.195504 1111.884444
36.446523 1112.222222
36.696870 1108.610619
36.948034 1115.169643
37.198275 1108.898230
37.449393 1104.585903
37.700330 1126.860360
37.951067 1109.564444
38.201202 1114.217778
38.452277 1110.222222
38.702564 1115.160714
38.952630 1117.406250
39.203504 1113.888889
39.454429 1103.933921
39.705551 1110.333333
39.955824 1116.357143
40.206355 1109.955556
40.456417 1106.362832
40.706982 1117.062500
40.957316 1112.644444
41.208321 1118.839286
41.459478 1109.101770
41.710384 1112.871111
41.961343 1119.515695
42.211590 1111.031111
42.461908 1108.451327
42.712894 1118.522321
42.964021 1112.875556
43.214598 1107.230088
43.465480 1108.973451
43.716290 1112.977778
43.967364 1110.084444
44.217493 1108.190265
44.468428 1107.694690
44.719066 1118.683036
44.970286 1109.504425
45.221418 1115.830357
45.471701 1112.244444
45.722467 1107.039823
45.972992 1121.390135
46.223546 1110.484444
46.473756 1125.554054
46.724244 1120.251121
46.974285 1111.937778
47.224922 1112.320000
47.475841 1110.777778
47.726103 1112.328889
47.976611 1109.204444
48.226892 1111.760000
48.477082 1112.177778
48.727980 1112.200000
48.978743 1118.750000
49.229598 1111.146667
49.480228 1105.380531
49.730344 1105.353982
49.980609 1114.763393
50.230701 1117.214286
50.481325 1103.246696
50.732362 1107.805310
50.983125 1115.620536
51.233384 1104.517699
51.483457 1111.555556
51.734074 1110.848889
51.984578 1115.571429
52.234692 1115.571429
52.484950 1105.384956
52.735323 1132.628959
52.986050 1107.977876
53.237045 1104.621145
53.487852 1113.888393
53.738075 1103.422907
53.988931 1105.561947
54.239108 1112.515556
54.489639 1113.410714
54.739765 1120.748879
54.990302 1108.115044
55.240964 1110.831111
55.491363 1108.110619
55.742093 1109.733333
55.992311 1110.808889
56.242709 1105.884956
56.493195 1113.062222
56.744124 1111.751111
56.994428 1110.235556
57.244878 1107.238938
57.495410 1109.039823
57.746637 1110.217778
57.996766 1120.390135
58.247060 1110.973333
58.497369 1118.151786
58.748396 1121.757848
58.998830 1112.884444
59.249728 1108.898230
59.500617 1103.849558
59.750619 1107.044248
60.001189 1119.497758
60.251393 1107.088496
60.501979 1111.382222
60.752429 1111.906667
61.003160 1117.133929
61.253910 1113.146667
61.504731 1107.584071
61.755462 1117.348214
62.006194 1111.382222
62.256741 1106.823009
62.507171 1114.941964
62.757553 1105.473451
63.007725 1110.257778
63.258005 1111.760000
63.508667 1109.508850
63.759865 1117.611607
64.010511 1111.693333
64.260912 1107.889381
64.511892 1109.960000
64.762062 1131.651584
65.012586 1116.424107
65.263137 1118.727679
65.513886 1111.533333
65.764583 1098.929825
66.015665 1096.517544
66.266178 1124.322870
66.517193 1111.146667
66.767701 1098.140351
67.018528 1116.915179
67.268988 1111.880000
67.519668 1109.128889
67.769682 1097.403509
68.020356 1119.426009
68.270462 1118.133929
68.521097 1116.580357
68.771892 1095.350877
69.022157 1117.334821
69.272627 1113.555556
69.523500 1104.079646
69.773519 1106.712389
70.023982 1120.085202
70.274432 1110.791111
70.524780 1110.408889
70.774935 1100.784141
71.025447 1096.872807
71.275744 1115.714286
71.526188 1114.674107
71.776267 1101.713656
72.026937 1107.119469
72.277449 1109.986667
72.527709 1110.368889
72.777811 1106.247788
73.028336 1122.968610
73.279245 1127.045045
73.529856 1117.986607
73.780689 1100.030837
74.030871 1109.570796
74.282174 1111.853333
74.532715 1116.464286
74.783115 1100.237885
75.033229 1098.701754
75.284341 1098.767544
75.535107 1112.995556
75.786087 1108.176991
76.037100 1115.513393
76.287259 1114.553571
76.537383 1115.638393
76.787588 1111.528889
77.038437 1123.040359
77.289190 1113.568889
77.540003 1109.697778
77.790275 1105.982301
78.040548 1103.674009
78.291581 1111.248889
78.541990 1126.743243
78.792651 1111.080000
79.042809 1115.875000
79.293410 1123.125561
79.544288 1113.288889
79.795173 1104.387665
80.046113 1101.559471
80.296837 1111.715556
80.547222 1108.764444
80.797331 1102.907489
81.048086 1119.753363
81.298265 1114.364444
81.549457 1116.089286
81.799816 1097.657895
82.050561 1122.744395
82.301502 1115.794643
82.551549 1110.142222
82.801835 1098.745614
83.052985 1094.829694
83.304089 1115.901786
83.554359 1109.680000
83.804374 1101.678414
84.055013 1108.982222
84.305050 1120.278027
84.555247 1104.101322
84.806213 1099.276316
85.057405 1115.602679
85.307690 1113.373333
85.558433 1111.048889
85.809118 1099.381579
86.060215 1114.128889
86.311217 1111.297778
86.561785 1110.062222
86.811856 1105.712389
87.062181 1105.287611
87.312655 1121.721973
87.562995 1119.614350
87.813056 1114.629464
88.063154 1121.452915
88.313554 1119.932735
88.563956 1111.853333
88.814574 1103.022026
89.065454 1110.724444
89.315688 1135.986364
89.565983 1126.743243
89.816600 1099.973568
90.066753 1128.914414
90.317652 1121.017937
90.568300 1109.632743
90.819239 1097.223684
91.070123 1108.756637
91.320922 1119.565022
91.570936 1109.462222
91.821010 1101.898678
92.071680 1123.502242
92.322808 1115.584821
92.573070 1119.713004
92.823274 1104.180617
93.074326 1106.774336
93.324709 1118.566964
93.575828 1120.578475
93.826222 1098.697368
94.076928 1118.120536
94.327868 1112.026667
94.578577 1105.858407
94.828914 1106.367257
95.079386 1117.357143
95.330129 1116.785714
95.580628 1120.856502
95.830976 1122.246637
96.081837 1124.183857
96.332603 1122.789238
96.583420 1124.382883
96.833610 1105.924779
97.083971 1112.386667
97.334840 1117.424107
97.585536 1116.906250
97.836123 1108.287611
98.086913 1112.497778
98.337726 1117.558036
98.588501 1107.084071
98.839127 1100.070485
99.089219 1105.075221
99.339583 1123.762332
99.590488 1103.757709
99.841212 1100.110132
100.091714 1123.753363
100.342757 1111.728889
100.593015 1121.668161
100.843682 1104.508850
101.093787 1111.013333
101.344324 1121.434978
101.594687 1105.389381
101.844845 1099.859031
102.095208 1101.656388
102.345441 1109.182222
102.595478 1119.000000
102.845595 1104.577093
103.096619 1124.797297
103.346817 1122.156951
103.597445 1121.313901
103.847644 1099.374449
104.097924 1116.758929
104.348431 1119.739910
104.598633 1113.040000
104.849196 1106.362832
105.100095 1112.066667
105.350702 1118.540179
105.601658 1112.893333
105.852254 1099.123348
106.102438 1105.008850
106.352549 1129.036036
106.603679 1114.566964
106.853844 1100.043860
107.104949 1100.229075
107.355032 1118.607143
107.606119 1108.756637
107.857145 1097.723684
108.107882 1118.343750
108.358663 1118.133929
108.609380 1114.866071
108.859938 1111.222222
109.110354 1109.048673
109.361406 1117.799107
109.612173 1111.306667
109.862625 1099.607930
110.112877 1098.232456
110.363470 1114.183036
110.613642 1106.137168
110.864017 1100.550661
111.114263 1100.881057
111.364630 1113.604444
111.615363 1110.404444
111.865765 1103.806167
112.116594 1100.682819
112.367195 1117.535714
112.617954 1118.254464
112.868612 1110.582222
113.118981 1119.372197
113.368993 1116.424107
113.619643 1119.334821
113.870812 1103.008811
114.121659 1100.215859
114.371954 1113.666667
114.622611 1114.419643
114.872745 1105.353982
115.122981 1098.493392
115.373018 1130.574661
115.623102 1123.224215
115.874110 1100.427313
116.124261 1102.894273
116.375037 1125.558559
116.625330 1109.791111
116.875632 1107.119469
117.126305 1119.031250
117.377260 1123.443946
117.628353 1111.248889
117.878577 1101.801762
118.129410 1122.372197
118.379961 1124.274775
118.630006 1120.892377
118.880502 1102.528634
119.131073 1112.137778
-----------------------------------
MEMD, exp2_memcached_out, 1036173.000000, 30.000000, 1151.822834, 812.893915, 1118.000000, 1322.000000, 17034.484000, 28343.382800, 33253.000000, 1409.784381, 1078.529555
