0.000000 1016.910204
0.250263 1112.146667
0.501155 1111.395556
0.751477 1113.142222
1.002314 1111.960000
1.253042 1114.441964
1.503088 1121.255605
1.753551 1119.160714
2.004545 1115.776786
2.254896 1110.480000
2.505261 1117.053571
2.755892 1119.165179
3.006951 1115.232143
3.257231 1111.177778
3.507587 1107.473451
3.758255 1104.920354
4.008444 1118.638393
4.259333 1111.413333
4.509702 1108.911111
4.759946 1114.395556
5.010886 1108.817778
5.261016 1116.674107
5.511368 1108.986667
5.761459 1109.561947
6.012392 1110.986667
6.262841 1108.407080
6.513758 1107.336283
6.764654 1108.137168
7.015453 1118.674107
7.266256 1111.777778
7.516820 1107.646018
7.767699 1095.429825
8.017779 1110.911111
8.268277 1111.120000
8.518808 1110.235556
8.768858 1110.515556
9.019074 1112.382222
9.269841 1111.524444
9.520338 1108.920000
9.770432 1119.887892
10.020641 1113.520000
10.271442 1112.928889
10.522235 1107.588496
10.773017 1114.361607
11.023041 1118.161435
11.273058 1114.057778
11.523926 1108.539823
11.774903 1105.977876
12.025374 1108.256637
12.276117 1111.413333
12.526678 1105.933628
12.777041 1094.427948
13.028278 1109.641593
13.279184 1109.502222
13.529224 1113.453333
13.780355 1128.144144
14.031096 1110.146667
14.281393 1112.115556
14.531796 1114.459821
14.782029 1113.684444
15.032880 1108.137168
15.283867 1112.040000
15.534489 1109.640000
15.784698 1105.606195
16.034793 1111.493333
16.285231 1111.768889
16.535882 1108.455752
16.787046 1127.878378
17.037814 1116.214286
17.288228 1109.035398
17.539329 1112.408889
17.789992 1105.013274
18.040029 1100.154185
18.290364 1111.511111
18.540960 1109.466667
18.790979 1111.600000
19.041618 1115.138393
19.291671 1109.555556
19.541785 1111.875556
19.792170 1104.561947
20.042514 1109.371681
20.293252 1112.235556
20.544307 1121.843049
20.794531 1126.310811
21.045105 1108.924779
21.296110 1113.782222
21.547349 1110.711111
21.797726 1114.440000
22.048700 1114.924107
22.298772 1113.595556
22.549938 1111.573333
22.800314 1109.657778
23.050529 1118.276786
23.301521 1112.013333
23.552049 1120.964126
23.802408 1115.066964
24.052659 1117.678571
24.303263 1110.031111
24.553676 1115.955357
24.804088 1120.793722
25.054460 1112.311111
25.304865 1112.493333
25.555686 1112.115556
25.806252 1113.392857
26.056273 1112.426667
26.306959 1111.586667
26.557375 1112.804444
26.808365 1109.486726
27.059376 1108.968889
27.309410 1112.706667
27.559971 1110.635556
27.810453 1112.524444
28.061186 1109.955556
28.311634 1112.648889
28.562052 1110.031111
28.812508 1110.800000
29.062693 1109.706667
29.313090 1119.008929
29.563991 1131.239819
29.814297 1118.580357
30.065398 1112.293333
30.316064 1111.248889
30.566575 1108.973451
30.817369 1126.545045
31.067920 1109.022222
31.318005 1113.226667
31.569034 1113.053333
31.819854 1109.690265
32.071133 1105.327434
32.321259 1109.137168
32.572440 1107.929204
32.823035 1107.553097
33.073993 1111.075556
33.324373 1110.924444
33.574817 1109.340708
33.825776 1105.491150
34.075874 1113.424107
34.325972 1113.328889
34.576934 1110.053333
34.827025 1105.398230
35.077122 1112.808889
35.328039 1111.937778
35.578590 1104.991150
35.829032 1107.646018
36.079839 1107.615044
36.330279 1110.844444
36.580625 1111.320000
36.831178 1109.520000
37.081334 1109.995556
37.331748 1111.591111
37.582026 1118.598214
37.833115 1132.475113
38.083681 1119.237668
38.333821 1113.782222
38.584848 1125.540541
38.834984 1121.533632
39.085597 1108.672566
39.336549 1112.222222
39.587186 1109.746667
39.837384 1100.057269
40.087640 1107.323009
40.338134 1109.400000
40.588195 1113.524444
40.839134 1109.600000
41.089142 1112.324444
41.339965 1113.960000
41.590749 1114.156250
41.840953 1111.413333
42.091261 1112.253333
42.342146 1111.737778
42.592489 1110.622222
42.842913 1108.857778
43.092946 1116.102679
43.343268 1113.755556
43.594177 1112.600000
43.845154 1099.964758
44.095242 1110.115556
44.345431 1113.924444
44.596398 1111.208889
44.846912 1111.173333
45.097226 1112.608889
45.348115 1114.493333
45.599104 1115.071429
45.849401 1126.828829
46.099897 1110.968889
46.350315 1111.728889
46.601099 1111.186667
46.851296 1109.746667
47.101544 1115.379464
47.351779 1110.893333
47.602087 1109.768889
47.852397 1106.522124
48.102777 1111.586667
48.353341 1110.573333
48.603402 1112.217778
48.854251 1110.582222
49.104563 1109.235556
49.354677 1111.235556
49.605031 1110.546667
49.855468 1111.293333
50.105750 1103.871681
50.355789 1111.604444
50.606398 1107.747788
50.857198 1097.030702
51.107508 1099.123348
51.357793 1110.755556
51.608042 1108.446903
51.859071 1102.612335
52.109775 1102.775330
52.360568 1111.844444
52.611234 1123.147982
52.862026 1118.763393
53.112951 1122.587444
53.363501 1111.120000
53.613994 1112.675556
53.864751 1108.738938
54.115764 1119.789238
54.366005 1111.368889
54.616476 1111.986667
54.866978 1108.207965
55.117981 1104.198238
55.369163 1112.111111
55.619722 1114.155556
55.870718 1110.760000
56.121048 1111.515556
56.371770 1108.429204
56.622543 1111.200000
56.872917 1100.044053
57.123118 1101.823789
57.373693 1111.960000
57.624368 1111.488889
57.874908 1109.573333
58.124985 1101.264317
58.375183 1112.995556
58.626169 1110.964444
58.876636 1105.592920
59.126911 1114.687500
59.376953 1113.808889
59.627913 1126.265766
59.878417 1129.126697
60.128532 1117.254464
60.379031 1111.324444
60.629581 1112.555556
60.880176 1107.752212
61.131106 1117.165179
61.381717 1112.733333
61.632686 1109.632743
61.883757 1111.444444
62.134232 1120.721973
62.384399 1113.226667
62.635576 1114.785714
62.885775 1115.088889
63.136711 1112.111111
63.387512 1112.004444
63.638049 1112.942222
63.888931 1110.320000
64.139207 1105.628319
64.389453 1112.955556
64.640344 1111.497778
64.890667 1110.502222
65.141134 1120.434978
65.391430 1111.457778
65.642033 1113.991111
65.892846 1125.459459
66.143433 1122.134529
66.393889 1111.035556
66.644044 1110.937778
66.894583 1118.209821
67.145638 1109.358407
67.396680 1112.111111
67.647379 1114.155556
67.898525 1112.084444
68.148975 1112.768889
68.399971 1112.128889
68.650309 1109.875556
68.900718 1112.044444
69.151335 1113.017778
69.402128 1112.413333
69.652873 1111.240000
69.903294 1113.408889
70.154086 1118.169643
70.405043 1113.754464
70.655070 1113.426667
70.905910 1113.057778
71.156699 1106.827434
71.407501 1114.401786
71.657503 1105.867257
71.907962 1122.089686
72.158237 1107.292035
72.409187 1110.942222
72.659311 1114.200893
72.909663 1127.770270
73.160155 1107.880531
73.411103 1113.306667
73.661826 1108.659292
73.913088 1103.405286
74.163708 1108.862222
74.413720 1112.728889
74.664569 1111.075556
74.914991 1117.808036
75.165817 1113.106667
75.416662 1110.911111
75.666848 1110.622222
75.917203 1104.738938
76.167431 1109.424779
76.418568 1114.781250
76.668731 1111.955556
76.919336 1110.635556
77.169572 1107.358407
77.420363 1112.635556
77.670947 1114.977679
77.921157 1132.719457
78.171956 1139.381818
78.423110 1112.106667
78.673633 1111.737778
78.924218 1105.331858
79.174365 1112.808889
79.425382 1112.146667
79.675785 1110.702222
79.926093 1105.243363
80.176314 1104.831858
80.426518 1110.506667
80.676654 1108.893333
80.926804 1117.598214
81.177315 1114.982143
81.427674 1112.911111
81.678493 1111.946667
81.929155 1113.737778
82.180225 1115.607143
82.430460 1111.293333
82.680899 1124.887387
82.930981 1128.729730
83.181918 1120.847534
83.432257 1108.000000
83.683270 1110.151111
83.933450 1108.508850
84.184271 1114.142222
84.435424 1112.088889
84.686059 1111.328889
84.936499 1109.084071
85.187460 1107.610619
85.438013 1111.151111
85.688706 1110.293333
85.938820 1106.650442
86.189488 1109.181416
86.440369 1113.683036
86.690448 1108.960177
86.941541 1105.792035
87.191943 1104.092511
87.442835 1112.977778
87.693726 1110.680000
87.944077 1108.287611
88.194872 1100.964758
88.445428 1112.151111
88.695973 1109.337778
88.946267 1102.039648
89.196813 1094.855895
89.447984 1112.693333
89.698582 1109.288889
89.948767 1114.480000
90.199694 1114.839286
90.450105 1112.440000
90.700799 1108.168142
90.951645 1111.764444
91.202295 1111.737778
91.452748 1113.706667
91.703608 1111.617778
91.954202 1117.848214
92.205164 1121.044843
92.455423 1112.893333
92.706360 1110.800000
92.956707 1111.768889
93.207308 1105.482301
93.457483 1113.604444
93.708450 1111.768889
93.959112 1108.017699
94.210044 1106.477876
94.460330 1111.817778
94.711259 1111.702222
94.961591 1109.648889
95.211759 1107.495575
95.462638 1113.657778
95.713670 1111.782222
95.964057 1109.684444
96.214253 1098.495614
96.465020 1109.613333
96.715267 1111.728889
96.965758 1109.386667
97.215893 1108.314159
97.466726 1112.537778
97.717470 1108.190265
97.968414 1121.627803
98.219033 1110.057778
98.469045 1111.524444
98.719561 1104.048673
98.969595 1121.412556
99.220181 1114.226667
99.471180 1111.595556
99.721784 1111.075556
99.972041 1112.800000
100.223003 1109.506667
100.473059 1111.746667
100.723607 1111.453333
100.973988 1112.168889
101.224801 1111.848889
101.475438 1110.840000
101.725653 1110.795556
101.976246 1112.222222
102.226802 1111.226667
102.477262 1112.764444
102.727884 1104.946903
102.978212 1106.442478
103.228700 1117.183036
103.479404 1114.933036
103.729416 1107.973451
103.980278 1117.187500
104.230907 1112.257778
104.481683 1113.693333
104.732697 1111.062222
104.983038 1111.128889
105.233579 1113.004444
105.484374 1112.164444
105.735199 1112.595556
105.985777 1130.153846
106.236039 1138.859091
106.487039 1113.933333
106.738151 1110.760000
106.988387 1111.635556
107.238756 1109.777778
107.489006 1112.364444
107.739748 1111.133333
107.990116 1110.253333
108.240254 1110.742222
108.490674 1112.937778
108.741672 1112.480000
108.992210 1111.235556
109.242651 1105.070796
109.492821 1111.848889
109.743258 1110.311111
109.993758 1110.888889
110.243876 1111.497778
110.494598 1112.328889
110.745364 1109.804444
110.995443 1111.062222
111.245638 1113.617778
111.496921 1112.724444
111.747537 1110.977778
111.997924 1111.644444
112.248528 1111.511111
112.498700 1111.182222
112.749348 1111.444444
112.999919 1110.613333
113.250277 1109.324444
113.500394 1112.560000
113.750899 1113.106667
114.001779 1108.862832
114.252972 1106.672566
114.503302 1113.515556
114.754342 1110.222222
115.004597 1112.093333
115.255304 1111.475556
115.505596 1111.666667
115.756302 1108.743363
116.007317 1109.230088
116.258324 1103.814978
116.509457 1109.017699
116.760351 1112.355556
117.011229 1111.493333
117.261621 1134.239819
117.512896 1115.513393
117.763140 1111.373333
118.013591 1111.542222
118.263895 1102.867841
118.514651 1110.631111
118.765160 1114.437500
119.015266 1110.715556
119.265418 1111.911111
119.516021 1111.502222
119.766505 1112.017778
120.017073 1108.234513
120.268016 1094.456140
120.518126 1109.265487
120.769251 1112.244444
121.019968 1113.213333
121.270690 1111.920000
121.521360 1111.537778
121.772023 1114.826667
122.023129 1109.680000
122.273291 1113.502222
122.524212 1109.382222
122.774219 1112.284444
123.024820 1112.342222
123.275616 1111.417778
123.525923 1113.200000
123.776973 1110.044444
124.027078 1111.248889
124.277680 1112.613333
124.528163 1112.200000
124.779101 1116.035714
125.029443 1135.963636
125.279733 1121.201794
125.530253 1110.697778
125.780583 1108.115044
126.031378 1117.486607
126.282046 1114.379464
126.532279 1111.128889
126.782635 1110.768889
127.032967 1111.657778
127.283519 1112.755556
127.534393 1118.669643
127.785269 1111.702222
128.035976 1109.508850
128.286902 1108.353982
128.538018 1109.506667
128.788257 1112.177778
129.038788 1109.662222
129.288893 1110.448889
129.538983 1107.473451
129.789820 1110.364444
130.040019 1113.462222
130.291149 1102.823789
130.541681 1108.360000
130.791717 1112.533333
131.042307 1108.216814
131.293202 1104.150442
131.543307 1110.862222
131.793768 1111.093333
132.044198 1110.777778
132.294402 1110.622222
132.544757 1108.924444
132.794779 1112.155556
133.045408 1110.617778
133.295758 1107.986726
133.546504 1110.288889
133.796815 1111.688889
134.047447 1112.408889
134.298162 1108.362832
134.548966 1108.508850
134.799767 1109.608889
135.050096 1110.773333
135.300400 1124.923423
135.550489 1117.950893
135.801368 1111.533333
136.051969 1112.333333
136.302716 1106.991150
136.553043 1105.022124
136.803396 1112.573333
137.054190 1110.791111
137.304463 1111.946667
137.554891 1109.208889
137.805049 1111.786667
138.055679 1111.742222
138.306001 1109.960000
138.556458 1111.502222
138.806834 1110.568889
139.057343 1110.342222
139.307454 1111.484444
139.558062 1118.633929
139.809100 1111.177778
140.059431 1109.333333
140.309565 1112.982222
140.560231 1113.315556
140.811255 1111.240000
141.061680 1103.317181
141.312482 1106.030973
141.563146 1111.022222
141.813358 1115.004464
142.063609 1125.527027
142.313963 1123.031390
142.564412 1114.406250
142.814813 1111.395556
143.065006 1107.836283
143.315891 1102.378855
143.566770 1109.355556
143.816785 1113.000000
144.067671 1105.712389
144.317949 1100.048458
144.568170 1115.174107
144.818418 1111.000000
145.068846 1105.619469
145.319112 1102.744493
145.569862 1113.324444
145.820851 1111.626667
146.071216 1108.995556
146.321225 1100.766520
146.571537 1110.480000
146.821647 1112.622222
147.072440 1113.097778
147.323429 1107.929204
147.574411 1111.093333
147.824822 1110.888889
148.075213 1109.991111
148.325297 1118.593750
148.576372 1115.607143
148.826711 1112.800000
149.077526 1102.383260
149.328204 1105.986726
149.578654 1109.853333
149.828662 1111.177778
150.079177 1109.035398
150.330204 1097.793860
150.580960 1107.685841
150.831584 1112.493333
151.082405 1108.393805
151.333216 1109.862222
151.583324 1107.420354
151.834218 1117.388393
152.084798 1128.022523
152.335698 1127.040541
152.586351 1116.866071
152.836973 1112.262222
153.087477 1110.760000
153.338045 1113.048889
153.588729 1117.147321
153.839486 1109.176991
154.090590 1103.185022
154.341343 1100.414097
154.591559 1110.688889
154.841772 1110.071111
155.092084 1134.190909
155.342215 1111.226667
155.592444 1108.453333
155.842453 1110.675556
156.092741 1111.182222
156.343169 1109.853333
156.593205 1118.263393
156.844332 1111.333333
157.094520 1109.711111
157.344708 1110.817778
157.594979 1110.813333
157.845446 1111.982222
158.096036 1112.128889
158.346765 1108.880531
158.597566 1111.266667
158.848147 1111.840000
159.098672 1112.115556
159.349360 1109.684444
159.599508 1116.200893
159.850046 1107.884956
160.100759 1119.838565
160.350932 1121.076233
160.601455 1119.397321
160.852623 1112.035556
161.103266 1108.831858
161.354231 1115.531250
161.604509 1120.399103
161.854814 1110.831111
162.105072 1111.982222
162.355808 1113.475556
162.606585 1108.663717
162.857837 1109.048673
163.108824 1112.066667
163.359426 1106.048673
163.609858 1103.471366
163.860656 1111.760000
164.111315 1111.533333
164.361741 1111.351111
164.612409 1110.502222
164.862497 1112.680000
165.113411 1111.222222
165.363673 1103.704846
165.614558 1103.286344
165.865517 1109.573333
166.115583 1112.182222
166.366482 1135.563636
166.616677 1121.448430
166.867070 1110.204444
167.117191 1111.417778
167.367700 1110.302222
167.617989 1106.252212
167.868447 1110.884444
168.118858 1108.570796
168.369667 1111.511111
168.620392 1116.776786
168.870988 1111.960000
169.121410 1110.186667
169.371745 1120.426009
169.622201 1115.004464
169.872228 1111.124444
170.122691 1126.162162
170.373104 1124.887387
170.623206 1110.986667
170.873698 1113.831111
171.124672 1109.933333
171.374839 1110.920000
171.625128 1114.995536
171.875284 1110.266667
172.125537 1110.035556
172.375812 1109.320000
172.626002 1109.504425
172.876806 1111.853333
173.127654 1110.400000
173.377893 1108.464602
173.628875 1110.648889
173.879021 1112.666667
174.129955 1109.653333
174.380078 1121.506726
174.630658 1111.551111
174.881146 1110.702222
175.131256 1110.528889
175.381740 1114.044643
175.631761 1116.241071
175.882218 1108.898230
176.133290 1118.848214
176.384149 1113.155556
176.635089 1110.533333
176.885373 1110.168889
177.135612 1115.995536
177.385896 1119.605381
177.635991 1108.800885
177.887110 1111.248889
178.137483 1110.284444
178.387599 1125.626126
178.637978 1122.363229
178.888892 1112.182222
179.139462 1110.800000
179.389865 1106.384956
179.640243 1122.421525
179.890851 1110.937778
180.141485 1110.453333
180.391536 1107.619469
180.642527 1103.546256
180.893379 1109.186667
181.143445 1112.235556
181.393926 1124.409910
181.644170 1123.869955
181.895034 1110.964444
182.145482 1113.053333
182.396278 1109.804444
182.646571 1114.375000
182.896605 1111.408889
183.146969 1122.318386
183.397839 1138.231818
183.648421 1108.066372
183.899479 1111.346667
184.149884 1107.128319
184.400651 1130.877828
184.650956 1116.415179
184.901403 1109.711111
185.151597 1117.625000
185.402363 1114.620536
185.652463 1112.737778
185.903273 1110.364444
186.153506 1109.008889
186.403616 1107.331858
186.654156 1111.391111
186.904630 1113.022222
187.155513 1108.716814
187.406535 1125.779279
187.656613 1111.533333
187.907236 1111.791111
188.157917 1113.146667
188.408892 1108.973451
188.659879 1105.176991
188.910044 1111.195556
189.160535 1109.760000
189.410620 1106.110619
189.661144 1108.539823
189.912102 1110.244444
190.162395 1109.648889
190.412469 1111.280000
190.662895 1111.568889
190.913419 1111.324444
191.163957 1111.177778
191.414420 1117.848214
191.665136 1122.502242
191.915979 1111.746667
192.166493 1112.684444
192.417161 1111.617778
192.667922 1112.786667
192.918484 1110.475556
193.168953 1109.256637
193.419948 1114.825893
193.670279 1120.466368
193.920357 1112.653333
194.171091 1105.584071
194.421622 1112.537778
194.672171 1112.502222
194.922962 1112.373333
195.173523 1112.817778
195.424509 1120.506726
195.674862 1108.884956
195.925760 1110.777778
196.176289 1112.728889
196.426987 1112.448889
196.677879 1112.795556
196.928346 1109.391111
197.178703 1111.044444
197.429136 1127.090090
197.679765 1126.819820
197.930283 1111.088889
198.180695 1111.600000
198.431265 1111.133333
198.681653 1105.137168
198.931973 1113.768889
199.182893 1115.709821
199.433217 1108.902222
199.683287 1114.360000
199.934204 1110.266667
200.184728 1110.297778
200.434883 1108.128319
200.685465 1114.781250
200.935666 1111.991111
201.186347 1113.013333
201.437205 1111.111111
201.687775 1113.386667
201.938461 1108.566372
202.189486 1106.964602
202.440029 1096.302632
202.690478 1103.475771
202.941367 1111.595556
203.192007 1111.764444
203.442568 1112.088889
203.693143 1110.462222
203.943646 1111.684444
204.194095 1111.515556
204.444413 1110.342222
204.694627 1106.460177
204.945549 1110.457778
205.195833 1123.394619
205.446850 1126.549550
205.697380 1115.714286
205.947574 1111.937778
206.198264 1112.128889
206.448897 1111.555556
206.699495 1112.928889
206.949985 1111.413333
207.200596 1111.875556
207.451185 1108.323009
207.702293 1123.852018
207.953174 1107.942478
208.204080 1103.674009
208.455124 1112.777778
208.705964 1121.551570
208.956180 1107.376106
209.207158 1111.653333
209.457536 1109.848889
209.707667 1102.603524
209.958484 1110.351111
210.208739 1110.644444
210.459013 1111.071111
210.709338 1123.515695
210.960397 1113.173333
211.211323 1110.555556
211.461533 1109.088496
211.712649 1112.675556
211.963317 1112.208889
212.214151 1117.616071
212.464894 1132.185520
212.715472 1125.360360
212.965666 1112.506667
213.216631 1111.871111
213.467034 1108.702222
213.717070 1118.272321
213.967742 1109.755556
214.217971 1112.768889
214.468803 1110.644444
214.719080 1120.035874
214.969321 1111.031111
215.219628 1110.426667
215.469922 1107.261062
215.720665 1106.424779
215.971049 1118.681614
216.221089 1119.495536
216.472140 1112.840000
216.722966 1110.088889
216.973298 1109.915556
217.223325 1110.711111
217.473591 1111.431111
217.724115 1121.986547
217.974732 1113.404444
218.225606 1112.040000
218.476262 1102.722467
218.727181 1105.238938
218.977446 1110.377778
219.227547 1107.367257
219.478338 1110.613333
219.728478 1115.343750
219.978999 1110.608889
220.229289 1109.684444
220.479470 1112.200000
220.729881 1127.563063
220.980576 1110.706667
221.231140 1105.823009
221.481411 1111.195556
221.732033 1108.305310
221.982769 1111.120000
222.233175 1112.480000
222.483788 1110.724444
222.734332 1110.177778
222.984373 1111.440000
223.234910 1110.288889
223.485162 1109.440000
223.735384 1113.635556
223.986346 1110.213333
224.236382 1110.991111
224.486739 1102.550661
224.737694 1108.323009
224.988576 1112.826667
225.239309 1107.398230
225.490087 1097.513158
225.740776 1101.414097
225.991248 1110.506667
226.241566 1110.053333
226.491749 1109.004425
226.742583 1107.389381
226.993304 1111.386667
227.244007 1111.946667
227.494450 1125.801802
227.744944 1123.932735
227.995843 1110.760000
228.246321 1112.582222
228.496946 1127.216216
228.747714 1130.809955
228.998086 1112.111111
229.248625 1111.920000
229.499273 1111.640000
229.749938 1108.455752
230.000796 1111.306667
230.251267 1112.782222
230.502009 1113.857143
230.752035 1107.225664
231.002581 1113.959821
231.252655 1109.244444
231.502665 1108.486726
231.753410 1102.669604
232.004340 1114.437500
232.254429 1110.524444
232.504673 1111.226667
232.755030 1118.392857
233.005886 1110.755556
233.256302 1111.546667
233.506644 1111.306667
233.757394 1110.177778
234.007581 1112.315556
234.258221 1110.933333
234.508423 1112.311111
234.759226 1121.896861
235.009844 1111.533333
235.260452 1111.804444
235.510841 1112.302222
235.761633 1110.591111
236.012038 1111.817778
236.262473 1112.417778
236.513157 1111.844444
236.763874 1104.048673
237.013919 1109.517699
237.265015 1111.875556
237.515463 1111.568889
237.766206 1110.746667
238.016428 1111.960000
238.267203 1119.745536
238.518264 1138.309091
238.769196 1128.905405
239.020136 1111.764444
239.270772 1110.555556
239.521101 1111.422222
239.771467 1103.268722
240.022332 1114.401786
240.272455 1113.080000
240.523307 1113.435556
240.774242 1108.296460
241.025128 1112.364444
241.275643 1110.177778
241.526076 1112.262222
241.776618 1104.712389
242.026748 1110.106667
242.276883 1111.320000
242.527401 1113.440000
242.778180 1114.482143
243.028454 1112.297778
243.279182 1113.257778
243.530159 1112.902222
243.780990 1118.500000
244.031907 1112.386667
244.282686 1119.696429
244.533850 1128.036036
244.784641 1110.244444
245.034703 1110.022222
245.284956 1112.408889
245.535570 1110.111111
245.785794 1106.986726
246.036700 1112.426667
246.287124 1119.982063
246.537338 1133.475113
246.788215 1127.000000
247.038829 1111.320000
247.289369 1111.164444
247.539706 1111.466667
247.790251 1111.231111
248.040726 1111.084444
248.291061 1109.657778
248.541243 1109.142222
248.791281 1110.822222
249.041497 1111.968889
249.292141 1111.471111
249.542691 1107.539823
249.793322 1121.744395
250.044201 1111.608889
250.294466 1112.448889
250.545289 1112.408889
250.795878 1103.823009
251.045893 1113.453333
251.296906 1112.342222
251.547551 1122.147982
251.798142 1126.644144
252.048738 1115.718750
252.299198 1109.635556
252.549279 1110.777778
252.799673 1106.530973
253.050093 1109.163717
253.301245 1107.995575
253.552213 1104.185022
253.803117 1097.057018
254.053833 1113.000000
254.304488 1109.946667
254.554854 1104.721239
254.804983 1123.358744
255.055725 1113.751111
255.306973 1112.777778
255.557603 1107.053097
255.808309 1114.200000
256.059340 1107.712389
256.310219 1112.617778
256.560930 1104.193833
256.812105 1108.955752
257.063201 1108.548673
257.314099 1109.017699
257.564943 1110.013333
257.815375 1118.522321
258.066298 1113.915556
258.317194 1111.444444
258.567845 1105.123894
258.817957 1118.276786
259.069033 1110.351111
259.319096 1113.373333
259.570009 1111.373333
259.820461 1123.188341
260.071436 1112.293333
260.322049 1110.786667
260.572561 1109.235556
260.822648 1101.850220
261.073087 1107.429204
261.323881 1108.212389
261.574631 1102.268722
261.825457 1113.226667
262.076241 1113.368889
262.327290 1111.368889
262.577655 1112.351111
262.828248 1105.606195
263.078685 1110.235556
263.328825 1110.502222
263.579257 1109.844444
263.829382 1097.644737
264.080004 1108.840708
264.330933 1112.795556
264.581921 1106.681416
264.832464 1103.929515
265.083493 1112.431111
265.334034 1111.631111
265.584808 1113.808889
265.835689 1130.140271
266.086055 1117.267857
266.336539 1111.977778
266.587294 1111.631111
266.837763 1109.337778
267.087787 1109.053333
267.337801 1110.035556
267.588014 1111.928889
267.838437 1121.174888
268.089032 1111.115556
268.339370 1108.814159
268.590488 1110.982222
268.840826 1111.595556
269.091294 1105.278761
269.341627 1111.520000
269.592153 1111.484444
269.842604 1118.754464
270.093696 1110.191111
270.343807 1112.022222
270.594391 1112.097778
270.845143 1125.819820
271.095452 1117.272321
271.346282 1110.164444
271.596422 1111.280000
271.846921 1129.420814
272.096927 1115.611607
272.347230 1111.817778
272.597779 1112.164444
272.848434 1103.823789
273.099544 1111.728889
273.349905 1111.795556
273.600668 1111.831111
273.851019 1104.092920
274.101284 1108.522124
274.352101 1106.309735
274.602635 1098.688596
274.853440 1108.123894
275.104338 1106.336283
275.354740 1117.151786
275.605422 1130.144796
275.855540 1133.126697
276.106520 1108.663717
276.357501 1111.377778
276.608023 1123.134529
276.858889 1110.146667
277.109054 1109.504425
277.360173 1112.137778
277.610882 1112.506667
277.861359 1109.697778
278.111754 1123.264574
278.362630 1126.144144
278.612803 1116.138393
278.863300 1101.599119
279.113784 1109.484444
279.363827 1112.737778
279.614454 1110.257778
279.865117 1109.225664
280.116233 1109.893333
280.366348 1111.440000
280.616740 1114.540179
280.866896 1102.806167
281.117637 1112.364444
281.368166 1111.328889
281.618906 1113.560000
281.869864 1106.898230
282.120259 1109.804444
282.370522 1112.128889
282.621220 1110.337778
282.871401 1125.135135
283.121692 1114.625000
283.371871 1111.960000
283.622322 1112.568889
283.873078 1110.915556
284.123427 1111.871111
284.374081 1112.675556
284.624695 1115.218750
284.875011 1109.711111
285.125205 1110.075556
285.375513 1112.164444
285.626156 1129.342342
285.877154 1121.820628
286.127687 1108.668142
286.378777 1110.266667
286.628961 1114.696429
286.879237 1128.725225
287.130217 1116.209821
287.380665 1112.902222
287.631293 1114.888393
287.881793 1131.266968
288.132116 1116.129464
288.382352 1110.075556
288.632689 1126.558559
288.883240 1126.576577
289.133836 1121.860987
289.384308 1113.271111
289.635132 1110.684444
289.885560 1110.986667
290.135775 1118.049107
290.386514 1115.223214
290.636990 1112.453333
290.887498 1107.464602
291.138545 1108.477876
291.389309 1111.528889
291.639765 1109.835556
291.890044 1118.901786
292.141050 1107.982301
292.391828 1112.591111
292.642602 1111.831111
292.893080 1107.358407
293.143772 1117.156250
293.394644 1112.004444
293.645195 1110.715556
293.895535 1108.172566
294.146255 1107.871681
294.397146 1110.226667
294.647506 1112.968889
294.898388 1109.637168
295.149469 1110.693333
295.399687 1110.546667
295.650129 1113.124444
295.900912 1109.493333
296.151173 1108.132743
296.401800 1109.342222
296.651982 1117.812500
296.902887 1115.111607
297.153010 1110.320000
297.403024 1111.111111
297.653518 1102.220264
297.904364 1103.193833
298.155059 1111.528889
298.405395 1110.906667
298.656209 1118.633929
298.906970 1123.071749
299.157802 1115.892857
299.408387 1101.740088
299.658874 1110.622222
299.908973 1118.479821
300.159017 1111.217778
300.409497 1110.457778
300.659823 1107.818584
300.910454 1103.577093
301.161423 1114.575893
301.411758 1111.626667
301.662065 1108.477876
301.913200 1122.260090
302.163829 1114.164444
302.414632 1113.290179
302.664975 1117.660714
302.915520 1115.053571
303.165793 1106.553097
303.416079 1109.733333
303.666409 1107.327434
303.917109 1108.026549
304.167834 1111.533333
304.418296 1109.960000
304.668602 1128.063063
304.919485 1136.350000
305.169997 1114.195556
305.420976 1113.973333
305.672057 1112.182222
305.922735 1125.040541
306.172997 1122.206278
306.423565 1112.417778
306.674266 1111.933333
306.924792 1108.362832
307.175938 1109.619469
307.427073 1114.477679
307.677265 1111.395556
307.927473 1111.488889
308.178163 1109.804444
308.428217 1110.955556
308.678544 1107.517699
308.929404 1109.324444
309.179429 1110.484444
309.429533 1114.102679
309.679559 1110.555556
309.929910 1127.837838
310.180785 1118.718750
310.431830 1113.613333
310.682811 1118.709821
310.933845 1105.871681
311.184114 1110.124444
311.434321 1112.173333
311.685012 1113.595556
311.936056 1111.937778
312.186758 1107.137168
312.437317 1111.040000
312.687642 1109.737778
312.937762 1100.317181
313.188015 1103.281938
313.439157 1113.093333
313.689743 1110.755556
313.940059 1115.245536
314.190414 1107.504425
314.441112 1111.217778
314.691422 1108.389381
314.942536 1104.378855
315.193699 1110.231111
315.443902 1113.146667
315.694742 1132.538462
315.945434 1112.240000
316.195996 1105.734513
316.446467 1114.413333
316.697527 1108.296460
316.948581 1131.443439
317.199003 1110.520000
317.449121 1111.626667
317.699726 1107.557522
317.950714 1128.769231
318.200715 1113.991111
318.451587 1112.133333
318.702452 1124.734234
318.952609 1132.085973
319.203087 1113.660714
319.453178 1111.888889
319.703806 1110.564444
319.954084 1106.995575
320.204571 1104.331858
320.454882 1110.351111
320.705167 1112.986667
320.955926 1106.309735
321.206500 1110.528889
321.456610 1114.959821
321.707086 1108.411504
321.957742 1102.787611
322.207853 1105.557522
322.457987 1113.720000
322.709039 1127.324324
322.959772 1117.160714
323.210291 1112.471111
323.461136 1108.853982
323.712199 1123.260090
323.963158 1112.977778
324.213873 1115.397321
324.464319 1111.293333
324.714785 1108.482301
324.965874 1102.488987
325.216460 1111.413333
325.466988 1109.733333
325.717302 1103.585903
325.968221 1119.381166
326.218330 1104.365639
326.469511 1112.164444
326.720158 1107.039823
326.970667 1106.296460
327.221046 1109.777778
327.471283 1114.633929
327.721533 1105.084071
327.971591 1098.381579
328.222537 1107.765487
328.473300 1111.271111
328.723851 1111.902222
328.974549 1108.360000
329.224577 1109.417778
329.474636 1109.742222
329.724792 1112.466667
329.975470 1118.191964
330.226487 1111.417778
330.477069 1111.031111
330.727440 1115.861607
330.977507 1119.426009
331.227786 1119.493274
331.477799 1112.297778
331.728745 1108.508850
331.979802 1109.048673
332.230795 1105.101770
332.481121 1113.466667
332.731944 1108.755556
332.982107 1121.511211
333.232481 1109.946667
333.482632 1111.337778
333.733053 1106.747788
333.983727 1109.946667
334.233804 1109.088496
334.484914 1111.155556
334.735408 1112.208889
334.986056 1123.098655
335.236880 1118.040179
335.487558 1111.528889
335.738368 1113.106667
335.988960 1104.601770
336.239089 1110.248889
336.489333 1113.546667
336.740271 1109.982222
336.990598 1110.680000
337.240911 1111.351111
337.491292 1109.360000
337.741436 1114.571429
337.991518 1107.778761
338.242046 1100.462555
338.492466 1110.453333
338.742781 1112.493333
338.993296 1105.973451
339.243759 1108.728889
339.493817 1113.173333
339.744554 1113.511111
339.995615 1114.986607
340.245814 1118.441964
340.496760 1112.017778
340.747392 1112.235556
340.998093 1121.578475
341.248581 1118.209821
341.499221 1109.231111
341.749282 1106.929204
341.999847 1110.600000
342.250200 1107.977876
342.501201 1112.137778
342.751734 1112.946667
343.002433 1113.417778
343.253545 1113.280000
343.504319 1114.187500
343.754403 1113.204444
344.005173 1108.469027
344.256237 1106.694690
344.506607 1111.586667
344.757221 1108.415929
345.008141 1106.110619
345.258677 1098.951754
345.509491 1111.617778
345.760116 1111.946667
346.010602 1101.259912
346.261146 1111.973333
346.511862 1113.831111
346.762710 1113.186667
347.013511 1111.604444
347.264125 1107.539823
347.514948 1113.057778
347.765847 1110.231111
348.016008 1114.562500
348.266100 1111.315556
348.516486 1115.522321
348.766933 1113.777778
349.017894 1132.488688
349.268493 1109.404444
349.518560 1114.959821
349.768770 1110.684444
350.019211 1101.361233
350.269631 1089.995633
350.519735 1114.377778
350.770945 1116.093750
351.021297 1119.696429
351.272508 1103.207048
351.523222 1113.337778
351.774051 1111.893333
352.024842 1127.815315
352.275581 1118.227679
352.526475 1112.986667
352.777061 1132.162896
353.027935 1135.936364
353.278141 1123.556054
353.529027 1113.435556
353.780052 1110.555556
354.030260 1108.457778
354.280344 1114.453333
354.531412 1112.635556
354.782168 1112.320000
355.032975 1109.420354
355.283958 1104.127753
355.534938 1113.424107
355.784942 1113.093333
356.035812 1108.053097
356.286667 1100.431718
356.536975 1114.897321
356.787170 1128.121622
357.038000 1125.409910
357.288164 1115.223214
357.538319 1113.591111
357.789486 1111.044444
358.039632 1111.466667
358.290249 1127.909910
358.541000 1112.724444
358.791850 1113.115556
359.042554 1125.914414
359.292915 1115.468750
359.543278 1112.297778
359.793968 1114.620536
360.044127 1107.384956
360.294611 1121.286996
360.545269 1113.084444
360.796060 1112.417778
361.046767 1106.402655
361.297239 1110.955556
361.547539 1114.575893
361.797611 1108.353982
362.048787 1107.853982
362.299655 1107.500000
362.550239 1112.115556
362.800777 1112.368889
363.051589 1110.720000
363.301922 1129.665158
363.552049 1114.173333
363.803067 1111.382222
364.053440 1112.777778
364.304302 1119.511211
364.554406 1111.915556
364.805098 1111.693333
365.055659 1116.366071
365.306031 1114.723214
365.556164 1113.546667
365.806974 1109.804444
366.057293 1106.318584
366.307856 1101.321586
366.558257 1113.213333
366.808994 1109.533333
367.059249 1108.092920
367.309991 1116.000000
367.560437 1113.586667
367.811537 1111.533333
368.061918 1112.368889
368.312867 1104.625551
368.563785 1110.551111
368.814149 1113.217778
369.065124 1112.204444
369.315637 1108.690265
369.566782 1113.480000
369.817554 1112.422222
370.068158 1111.888889
370.319013 1109.526549
370.570220 1113.017778
370.821008 1110.808889
371.071436 1102.995595
371.322077 1105.000000
371.572158 1113.147321
371.822213 1111.608889
372.072612 1111.262222
372.323071 1110.862222
372.573409 1112.635556
372.824168 1111.391111
373.074623 1108.327434
373.325555 1103.806167
373.576678 1112.404444
373.827163 1111.053333
374.077844 1114.066667
374.328851 1135.863636
374.579107 1110.888889
374.829440 1111.444444
375.079964 1108.101770
375.330894 1106.331858
375.581495 1112.262222
375.832086 1108.442478
376.083022 1109.693333
376.333075 1120.766816
376.583374 1111.160000
376.833903 1111.333333
377.084378 1112.502222
377.334912 1111.804444
377.585682 1112.275556
377.836342 1112.102222
378.086992 1111.280000
378.337606 1113.462222
378.588372 1109.141593
378.839500 1114.004444
379.090500 1107.380531
379.341172 1111.408889
379.591597 1112.786667
379.842555 1111.937778
380.092974 1110.528889
380.343495 1109.238938
380.594421 1112.395556
380.845014 1111.866667
381.095819 1111.817778
381.346380 1111.942222
381.597073 1112.475556
381.847519 1114.714286
382.097887 1124.156951
382.348951 1110.928889
382.599246 1110.960000
382.849889 1112.115556
383.100326 1111.857778
383.350995 1104.176211
383.602041 1112.360000
383.852904 1109.185841
384.103906 1098.201754
384.354822 1093.423581
384.605700 1111.293333
384.856135 1112.422222
385.106767 1108.225664
385.357748 1110.520000
385.607817 1111.640000
385.858455 1109.848889
386.108513 1109.275556
386.358549 1119.973094
386.608842 1110.808889
386.859141 1117.397321
387.110058 1130.411765
387.360089 1131.669683
387.610682 1112.022222
387.861031 1107.650442
388.111974 1106.539823
388.362601 1105.238938
388.612607 1110.924444
388.863177 1111.635556
389.113586 1124.950450
389.363900 1121.645740
389.614499 1111.137778
389.864927 1111.897778
390.115396 1110.857778
390.365645 1122.062780
390.616493 1114.240000
390.867481 1108.380531
391.118248 1112.546667
391.368925 1115.799107
391.619487 1108.407080
391.870216 1108.266667
392.120293 1117.120536
392.370600 1105.800885
392.621081 1113.728889
392.872026 1110.351111
393.122575 1107.345133
393.373057 1104.530973
393.623115 1112.666667
393.874002 1111.768889
394.124591 1108.278761
394.375572 1130.782805
394.625858 1114.742222
394.876916 1111.177778
395.127507 1106.199115
395.377707 1102.784141
395.628538 1108.968889
395.878555 1110.155556
396.128769 1104.026432
396.379884 1119.299107
396.630695 1106.141593
396.881322 1110.351111
397.131636 1127.576577
397.382383 1129.864253
397.632496 1111.275556
397.882892 1110.653333
398.133108 1106.150442
398.383498 1115.946429
398.634087 1118.209821
398.884842 1125.941441
399.135187 1117.066964
399.385926 1109.333333
399.635966 1110.640000
399.886214 1111.164444
400.136632 1110.080000
400.386922 1110.773333
400.637309 1114.502222
400.888124 1112.391111
401.139015 1107.349558
401.389457 1107.017699
401.640282 1109.564444
401.890387 1113.760000
402.141391 1111.711111
402.392175 1106.274336
402.642478 1111.773333
402.893165 1112.466667
403.143829 1110.906667
403.394238 1107.504425
403.644922 1108.548673
403.896042 1109.358407
404.147131 1115.062500
404.397164 1107.000000
404.647752 1110.906667
404.898361 1112.862222
405.148759 1111.408889
405.399549 1106.469027
405.650115 1112.031111
405.900606 1111.853333
406.151177 1105.716814
406.401580 1102.801762
406.652235 1110.982222
406.902762 1116.897321
407.153220 1131.221719
407.403660 1120.573991
407.653944 1112.484444
407.904944 1109.331858
408.155944 1127.653153
408.406738 1112.582222
408.657370 1111.662222
408.908075 1113.151111
409.158896 1112.422222
409.409585 1115.263393
409.659901 1115.084821
409.909943 1110.577778
410.160345 1111.622222
410.410881 1119.053571
410.662044 1110.635556
410.912145 1108.991111
411.162280 1109.400000
411.412412 1120.017937
411.662527 1112.533333
411.913169 1109.435556
412.163309 1113.231111
412.414153 1104.114537
412.665021 1107.402655
412.915983 1112.088889
413.166429 1109.573333
413.416492 1103.612335
413.667691 1114.520000
413.918793 1112.346667
414.169588 1113.533333
414.420350 1110.666667
414.670850 1114.200000
414.921849 1112.608889
415.172756 1111.462222
415.423052 1108.159292
415.674094 1111.324444
415.924527 1110.728889
416.174952 1112.280000
416.425516 1116.352679
416.675886 1118.515695
416.925921 1111.666667
417.176289 1111.977778
417.427008 1110.671111
417.677312 1110.706667
417.927672 1110.031111
418.177848 1111.284444
418.428121 1111.213333
418.678814 1113.124444
418.929571 1111.253333
419.180021 1109.844444
419.430231 1124.376682
419.681320 1113.666667
419.932286 1111.204444
420.182736 1110.817778
420.433066 1110.848889
420.683492 1110.977778
420.933863 1110.564444
421.184304 1111.755556
421.434647 1112.440000
421.685469 1111.151111
421.935652 1108.411504
422.186827 1110.497778
422.436855 1100.938326
422.687438 1107.823009
422.938269 1112.120000
423.188894 1110.044444
423.438927 1106.106195
423.689292 1109.155556
423.939431 1111.506667
424.189958 1108.469027
424.440911 1109.159292
424.692086 1109.601770
424.943067 1112.080000
425.193798 1108.831858
425.444889 1110.013333
425.695150 1115.272321
425.945360 1113.555556
426.196158 1108.743363
426.447276 1113.825893
426.697327 1105.977876
426.947378 1109.684444
427.197618 1109.457778
427.447808 1110.542222
427.698079 1112.760000
427.948748 1112.222222
428.199538 1111.982222
428.450093 1108.668142
428.701098 1108.840708
428.952267 1107.247788
429.202821 1111.995556
429.453577 1096.530702
429.703990 1118.794643
429.954837 1110.866667
430.205356 1113.062222
430.456062 1111.253333
430.706677 1112.822222
430.957321 1111.284444
431.207899 1111.026667
431.458242 1104.371681
431.708352 1105.106195
431.958508 1112.777778
432.209178 1108.473451
432.460210 1111.840000
432.710779 1108.875556
432.960849 1110.617778
433.211077 1111.026667
433.461552 1123.600897
433.712522 1111.231111
433.963108 1112.946667
434.213968 1108.690265
434.464905 1112.751111
434.715451 1109.697778
434.965884 1111.702222
435.216263 1110.155556
435.466584 1101.308370
435.717018 1106.610619
435.967689 1111.924444
436.218110 1111.333333
436.468486 1114.638393
436.718583 1109.742222
436.969008 1111.244444
437.219237 1110.884444
437.469755 1111.368889
437.720243 1110.302222
437.970502 1111.600000
438.220900 1111.395556
438.471617 1119.647321
438.722601 1112.764444
438.973320 1115.080357
439.223555 1111.657778
439.474310 1113.213333
439.725016 1109.217778
439.975213 1112.062222
440.225724 1106.774336
440.476382 1106.159292
440.726769 1111.497778
440.977265 1112.013333
441.227979 1110.711111
441.478271 1110.497778
441.728443 1120.067265
441.978687 1107.415929
442.229423 1114.446429
442.479488 1102.779736
442.730314 1105.305310
442.980419 1110.226667
443.230665 1108.906667
443.480727 1104.599119
443.731789 1103.995595
443.982929 1119.415179
444.234258 1111.595556
444.484603 1105.818584
444.735045 1110.888889
444.985270 1115.129464
445.235472 1116.665179
445.486023 1127.274775
445.736739 1110.737778
445.986995 1109.857778
446.237118 1110.355556
446.487534 1113.311111
446.738555 1112.742222
446.989378 1111.777778
447.239931 1114.551111
447.491018 1110.862222
447.741591 1112.182222
447.991960 1109.786667
448.242226 1110.671111
448.492591 1109.826667
448.742810 1107.920354
448.993738 1111.764444
449.244246 1112.360000
449.494955 1106.482301
449.745517 1105.526549
449.995600 1113.084444
450.246572 1111.835556
450.497060 1106.221239
450.747446 1106.146018
450.997971 1112.280000
451.248755 1110.586667
451.498940 1106.730088
451.749622 1111.600000
452.000005 1111.328889
452.250341 1108.666667
452.500374 1106.862832
452.750910 1103.039648
453.001916 1110.884444
453.252276 1118.870536
453.503309 1111.400000
453.753657 1107.787611
454.004564 1122.417040
454.255045 1130.954751
454.505538 1117.473214
454.756282 1111.662222
455.006729 1111.040000
455.257114 1113.666667
455.508072 1110.275556
455.758371 1103.991150
456.008476 1111.444444
456.258985 1113.124444
456.509731 1131.733032
456.760306 1115.620536
457.010577 1111.062222
457.261129 1126.990991
457.511545 1118.500000
457.762623 1106.924779
458.013221 1112.902222
458.264089 1128.981982
458.514960 1127.527027
458.765923 1116.000000
459.016391 1111.591111
459.266621 1105.066372
459.516795 1115.450893
459.767086 1101.092511
460.017628 1111.515556
460.268086 1112.422222
460.518711 1113.084444
460.769574 1111.635556
461.020113 1113.182222
461.271023 1103.026432
461.522104 1107.610619
461.772784 1108.455752
462.023744 1111.475556
462.274151 1112.431111
462.524849 1109.008889
462.774941 1117.611607
463.025719 1111.333333
463.276224 1111.435556
463.526649 1111.031111
463.777036 1114.017778
464.028047 1110.493333
464.278406 1111.755556
464.528945 1107.061947
464.779614 1122.112108
465.030133 1111.244444
465.280480 1109.146667
465.530753 1124.107623
465.781715 1109.711111
466.031759 1109.431111
466.281876 1111.111111
466.532273 1107.898230
466.783122 1107.588496
467.033755 1108.601770
467.284877 1110.320000
467.535052 1128.639640
467.786214 1112.035556
468.036742 1110.942222
468.286967 1114.209821
468.537075 1117.857143
468.788014 1110.608889
469.038078 1112.666667
469.288958 1105.663717
469.539184 1122.582960
469.790209 1112.808889
470.040857 1113.000000
470.291562 1109.151111
470.541676 1112.782222
470.792457 1116.830357
471.043131 1114.022222
471.294096 1121.304933
471.544709 1116.535714
471.795097 1116.763393
472.045827 1114.174107
472.295881 1110.262222
472.546036 1109.261062
472.797112 1107.641593
473.047800 1113.702222
473.298801 1108.853982
473.549945 1101.462555
473.800407 1105.292035
474.050555 1113.666667
474.301411 1109.986667
474.551666 1099.651982
474.801811 1103.809735
475.051887 1111.320000
475.302355 1113.528889
475.553232 1110.386667
475.803371 1108.331858
476.054273 1112.128889
476.304853 1111.946667
476.555522 1111.813333
476.806208 1112.008889
477.056736 1112.937778
477.307576 1114.406250
477.557724 1109.595556
477.807913 1105.473451
478.058235 1110.031111
478.308448 1113.577778
478.559203 1113.368889
478.810139 1107.783186
479.061189 1111.151111
479.311461 1113.813333
479.562657 1111.311111
479.812811 1112.186667
480.063613 1111.191111
480.314065 1111.675556
480.564601 1107.017699
480.815285 1102.484581
481.065973 1111.804444
481.316477 1112.791111
481.567336 1110.542222
481.817632 1113.448889
482.068591 1113.124444
482.319458 1111.302222
482.569751 1096.469298
482.820107 1107.017699
483.070967 1113.613333
483.321859 1109.342222
483.571983 1105.402655
483.822150 1103.863436
484.073222 1113.053333
484.323938 1109.440000
484.574134 1129.468468
484.825084 1120.529148
485.075575 1111.093333
485.325922 1109.702222
485.576067 1112.906667
485.826719 1109.244444
486.076818 1110.417778
486.327167 1111.804444
486.577691 1110.764444
486.827929 1103.396476
487.078970 1110.742222
487.329419 1112.973333
487.580126 1131.000000
487.830509 1129.018018
488.081614 1111.271111
488.331984 1112.222222
488.582669 1112.791111
488.833500 1111.875556
489.084019 1110.995556
489.334507 1112.200000
489.584902 1108.004425
489.835991 1110.777778
490.086123 1108.977778
490.336600 1109.712389
490.587663 1102.418502
490.838203 1104.676991
491.088381 1111.573333
491.338986 1107.309735
491.589704 1108.296460
491.840635 1112.173333
492.091215 1111.857778
492.341719 1109.613333
492.591987 1096.083333
492.842464 1098.605263
493.093400 1110.684444
493.343537 1108.035556
493.593638 1105.393805
493.843827 1113.644444
494.094639 1113.066667
494.345452 1106.646018
494.596244 1102.977974
494.846949 1107.429204
495.097742 1112.306667
495.348416 1112.017778
495.598999 1095.096491
495.849184 1098.348018
496.099244 1112.004444
496.349670 1109.448889
496.599758 1113.142222
496.850782 1111.431111
497.101312 1112.853333
497.351953 1109.546667
497.602084 1096.947368
497.852721 1106.128319
498.103277 1110.253333
498.353601 1111.284444
498.603932 1110.031111
498.854266 1107.212389
499.104875 1109.395556
499.354984 1111.275556
499.605615 1107.792035
499.856263 1115.178571
500.106551 1113.017778
500.357419 1109.982222
500.607749 1109.212389
500.858757 1110.346667
501.109123 1110.675556
501.359510 1111.413333
501.609846 1102.004405
501.860461 1098.649123
502.111531 1111.457778
502.362043 1110.644444
502.612295 1107.738938
502.863129 1106.659292
503.113713 1112.128889
503.364476 1108.243363
503.615413 1111.115556
503.866010 1104.418502
504.116780 1112.400000
504.367925 1111.400000
504.618358 1107.951327
504.869085 1113.284444
505.120135 1112.013333
505.370598 1108.546667
505.620603 1109.053333
505.870684 1108.836283
506.121394 1110.022222
506.372008 1113.644444
506.622786 1129.787330
506.872984 1112.324444
507.123613 1111.377778
507.374117 1110.013333
507.624328 1101.092511
507.874825 1112.622222
508.125389 1107.937778
508.375510 1113.848889
508.626293 1107.977876
508.877110 1112.675556
509.127877 1113.306667
509.379069 1109.203540
509.629858 1112.816964
509.879894 1115.245536
510.130017 1110.613333
510.380388 1110.640000
510.630771 1112.297778
510.881403 1107.181416
511.132064 1113.146667
511.382754 1111.648889
511.633510 1107.646018
511.884172 1107.384956
512.135027 1112.791111
512.385931 1111.404444
512.636271 1115.785714
512.886783 1105.061947
513.136950 1111.462222
513.387491 1122.058296
513.638141 1136.977273
513.888641 1112.364444
514.139423 1111.142222
514.389956 1112.413333
514.640552 1109.204444
514.890617 1092.502183
515.141137 1111.413333
515.391567 1109.546667
515.641716 1114.493333
515.892927 1108.606195
516.143997 1109.853333
516.394052 1111.280000
516.644502 1111.791111
516.895000 1117.361607
517.145594 1111.515556
517.396057 1107.349558
517.646973 1109.155556
517.897000 1114.391111
518.148142 1109.915556
518.398296 1111.328889
518.648726 1107.907080
518.899629 1107.553097
519.150255 1110.964444
519.400710 1110.555556
519.650861 1107.473451
519.901653 1108.619469
520.152649 1112.960000
520.403355 1110.497778
520.653844 1120.982063
520.904179 1121.000000
521.154553 1110.577778
521.404744 1113.839286
521.654818 1108.358407
521.905671 1128.621622
522.156705 1111.355556
522.406979 1112.617778
522.657802 1107.292035
522.908535 1104.522124
523.158609 1113.346667
523.409561 1128.572072
523.660520 1122.905830
523.911266 1105.805310
524.161522 1109.688889
524.411774 1110.675556
524.662005 1110.466667
524.912466 1117.660714
525.162952 1114.049107
525.413095 1112.084444
525.663612 1110.222222
525.913964 1105.163717
526.164089 1109.924444
526.414283 1109.159292
526.665187 1110.773333
526.915740 1110.653333
527.165991 1112.595556
527.416882 1112.124444
527.667478 1110.435556
527.917758 1107.084071
528.168494 1110.831111
528.418819 1112.231111
528.669407 1108.508850
528.920455 1112.142222
529.171203 1109.672566
529.422376 1111.915556
529.672931 1112.128889
529.923559 1109.697778
530.173729 1112.120000
530.424150 1112.746667
530.675157 1112.333333
530.925632 1109.164444
531.175777 1113.191111
531.426678 1113.742222
531.677688 1112.280000
531.928096 1108.608889
532.178197 1110.431111
532.428411 1107.513274
532.679372 1108.088496
532.930251 1106.212389
533.180295 1109.306667
533.430661 1110.288889
533.680737 1097.057018
533.931583 1099.565789
534.182838 1111.502222
534.433251 1113.120000
534.683843 1108.924444
534.934022 1114.968750
535.184367 1111.168889
535.434530 1116.401786
535.685029 1129.669683
535.935108 1119.721973
536.185277 1110.124444
536.435441 1112.906667
536.686406 1111.804444
536.937019 1104.013216
537.187801 1109.306667
537.438051 1107.256637
537.688621 1109.475556
537.938692 1124.062780
538.189856 1112.284444
538.440422 1113.764444
538.691511 1100.405286
538.941719 1124.436937
539.191896 1112.893333
539.442749 1109.884444
539.692930 1108.787611
539.943875 1104.070485
540.194801 1111.408889
540.445475 1111.066667
540.695861 1111.662222
540.946439 1109.866667
541.196450 1108.393805
541.447593 1109.488889
541.697637 1106.517699
541.948009 1112.724444
542.198946 1108.269912
542.449837 1109.191111
542.699982 1111.737778
542.950494 1105.424779
543.200649 1110.586667
543.450978 1109.017778
543.701158 1117.580357
543.951862 1123.720721
544.201870 1112.680000
544.452580 1109.715556
544.702608 1102.986726
544.952630 1097.907895
545.203312 1112.506667
545.454157 1110.035556
545.704286 1109.897778
545.954391 1108.402655
546.205304 1108.438053
546.456170 1108.693333
546.706341 1109.221239
546.957119 1107.539823
547.208200 1109.247788
547.459344 1111.591111
547.709875 1104.140969
547.960876 1115.299107
548.211195 1108.672566
548.462103 1108.548673
548.713201 1106.548673
548.963636 1113.115556
549.214439 1111.035556
549.464899 1111.977778
549.715382 1105.765487
549.965791 1102.823789
550.216696 1109.331858
550.467868 1106.734513
550.718431 1109.266667
550.968450 1107.845133
551.219275 1110.497778
551.469473 1113.133333
551.720332 1106.783186
551.970960 1110.146667
552.221143 1112.582222
552.472060 1112.577778
552.722731 1115.383929
552.973078 1117.178571
553.223602 1114.325893
553.473615 1111.875556
553.724410 1112.151111
553.974854 1103.709251
554.225885 1109.360000
554.476053 1113.324444
554.726906 1113.822222
554.977898 1105.699115
555.228222 1112.377778
555.478923 1111.342222
555.729454 1104.185841
555.979647 1104.484581
556.230724 1111.115556
556.481187 1112.440000
556.731918 1112.942222
556.982903 1109.570796
557.233909 1102.193833
557.484551 1110.182222
557.734870 1110.902222
557.985226 1102.427313
558.235830 1105.150442
558.486207 1128.684685
558.737059 1130.615385
558.987413 1117.406250
559.238208 1110.333333
559.488469 1110.217778
559.738507 1117.008929
559.989329 1124.342342
560.239407 1108.411504
560.490367 1107.597345
560.741020 1103.903084
560.991915 1098.513158
561.242919 1112.915556
561.493627 1113.053333
561.744674 1112.555556
561.995117 1100.568282
562.245711 1108.924779
562.496741 1113.306667
562.747515 1106.088496
562.997834 1102.577093
563.248661 1111.120000
563.499068 1113.746667
563.749944 1112.843750
563.999966 1108.530973
564.251015 1110.848889
564.501092 1111.280000
564.751652 1108.035398
565.002471 1104.190265
565.252728 1113.093333
565.503581 1113.186667
565.754365 1106.707965
566.004848 1096.850877
566.255482 1105.619469
566.505893 1112.248889
566.756583 1111.720000
567.007086 1106.831858
567.257553 1114.120536
567.507632 1111.462222
567.758297 1104.721239
568.008302 1105.862832
568.258506 1109.604444
568.508832 1110.075556
568.758929 1119.901345
569.009049 1111.675556
569.259666 1107.464602
569.510452 1107.991150
569.761095 1103.660793
570.012095 1104.278761
570.262170 1114.200893
570.512324 1111.777778
570.762864 1108.146018
571.013595 1099.365639
571.263701 1101.982379
571.514207 1110.417778
571.764736 1103.162996
572.015599 1112.093333
572.266189 1114.303571
572.516323 1109.137168
572.767491 1109.247788
573.018404 1102.603524
573.269278 1108.898230
573.520380 1110.186667
573.770557 1115.102679
574.020669 1116.861607
574.271315 1115.776786
574.521751 1111.600000
574.772008 1109.946667
575.022388 1113.346667
575.273097 1111.271111
575.523773 1112.124444
575.774342 1109.586667
576.024597 1112.466667
576.275145 1117.133929
576.525907 1113.951111
576.776819 1102.867841
577.027830 1104.361233
577.278953 1119.686099
577.529080 1127.369369
577.779761 1128.328829
578.030278 1114.772321
578.280770 1111.013333
578.530957 1111.093333
578.781489 1130.918552
579.031792 1128.396396
579.282799 1115.375000
579.532970 1112.573333
579.783930 1110.986667
580.034174 1103.625551
580.285230 1106.982301
580.535603 1113.466667
580.786652 1103.229075
581.037321 1094.311404
581.287551 1107.778761
581.538303 1111.160000
581.788773 1107.398230
582.039424 1105.721239
582.289746 1106.907080
582.540513 1112.337778
582.790973 1107.920354
583.041843 1110.724444
583.292166 1110.026667
583.542357 1112.346667
583.793057 1113.853333
584.043995 1113.075556
584.294860 1112.284444
584.545831 1113.351111
584.796515 1109.786667
585.046810 1111.222222
585.297222 1109.906667
585.547281 1113.435556
585.798247 1109.297778
586.048394 1110.826667
586.298691 1108.420354
586.549390 1110.857778
586.799949 1111.360000
587.050367 1107.951327
587.301301 1117.299107
587.551894 1114.450893
587.802165 1106.092920
588.052176 1100.779736
588.302663 1108.623894
588.553668 1111.155556
588.804205 1111.208889
589.054674 1106.106195
589.305040 1112.897778
589.555720 1113.839286
589.805866 1112.208889
590.056325 1115.799107
590.306786 1108.897778
590.556813 1110.808889
590.807156 1114.732143
591.057192 1132.140271
591.307785 1111.986667
591.558326 1111.960000
591.808982 1110.684444
592.059345 1106.424779
592.309908 1111.835556
592.560428 1111.804444
592.810809 1110.760000
593.061366 1111.644444
593.311646 1108.318584
593.562816 1113.022222
593.813424 1108.199115
594.064463 1103.330396
594.315374 1107.960177
594.566281 1111.053333
594.816540 1111.048889
595.066966 1113.746667
595.317914 1113.941964
595.568028 1112.337778
595.818441 1106.792035
596.069201 1109.106195
596.320383 1108.805310
596.571183 1112.866667
596.821914 1110.226667
597.072259 1101.766520
597.322837 1113.506667
597.574027 1113.502222
597.824909 1126.454955
598.075418 1126.522523
598.325866 1116.562500
598.576143 1113.848214
598.826340 1135.195455
599.076380 1127.094595
599.327025 1108.560000
599.577050 1112.715556
599.827750 1111.966384
-----------------------------------
MEMD, exp1_memcached_out, 5388528.000000, 41.000000, 1111.678699, 98.320081, 1121.000000, 1306.000000, 1335.000000, 1399.000000, 5405.000000, 1116.017921, 675.868330
