0.000000 1100.533040
0.250345 1108.827434
0.501354 1112.675556
0.752232 1113.466667
1.003276 1110.408889
1.253547 1112.777778
1.504410 1112.293333
1.754954 1106.991150
2.005827 1110.920000
2.256137 1110.933333
2.506700 1114.486607
2.756907 1113.582222
3.007862 1114.504464
3.257943 1111.542222
3.508309 1109.902222
3.758656 1112.488889
4.009401 1116.258929
4.260001 1119.031250
4.511109 1107.207965
4.761709 1108.584071
5.012824 1109.955556
5.263115 1111.404444
5.513575 1107.150442
5.764421 1114.262222
6.015562 1111.142222
6.266115 1104.066079
6.517040 1113.062222
6.768027 1114.280000
7.019129 1111.226667
7.269572 1109.453333
7.519795 1110.133333
7.770006 1111.080000
8.020492 1111.764444
8.271048 1111.711111
8.521884 1110.160000
8.771989 1109.924444
9.022083 1110.302222
9.272470 1103.779736
9.523349 1114.272321
9.773514 1104.278761
10.023655 1112.182222
10.274336 1107.769912
10.525062 1108.777778
10.775121 1115.446429
11.025627 1112.097778
11.276175 1113.406250
11.526307 1110.524444
11.776590 1107.446903
12.027173 1110.702222
12.277751 1111.626667
12.528291 1117.955157
12.778344 1111.897778
13.028708 1112.640000
13.279865 1110.022124
13.530873 1113.377778
13.781948 1111.031111
14.032400 1108.168142
14.283423 1120.636771
14.533735 1115.232143
14.784049 1113.586667
15.035205 1114.218750
15.285233 1114.129464
15.535344 1110.337778
15.785646 1117.004464
16.036081 1116.830357
16.287119 1111.355556
16.537616 1109.207965
16.788699 1112.484444
17.039371 1114.821429
17.289663 1117.544643
17.540311 1113.062222
17.791434 1108.455752
18.042309 1112.084444
18.293031 1106.327434
18.543654 1109.862222
18.793857 1110.755556
19.044211 1108.234513
19.295153 1103.810573
19.546107 1111.582222
19.796713 1105.243363
20.046972 1107.269912
20.297485 1110.737778
20.547827 1117.968750
20.798926 1108.176991
21.049677 1110.973333
21.300321 1103.665198
21.550994 1110.582222
21.801513 1107.584071
22.052324 1116.919643
22.302919 1110.768889
22.553446 1113.280000
22.804357 1101.995595
23.055057 1111.880000
23.305522 1106.261062
23.555973 1119.188341
23.806031 1111.831111
24.056886 1108.128319
24.307886 1113.342222
24.558756 1103.876652
24.810038 1114.142222
25.060970 1109.764444
25.311243 1110.457778
25.561484 1109.208889
25.811643 1104.171806
26.062632 1109.400000
26.312777 1112.906667
26.563534 1113.968750
26.813819 1109.795556
27.063863 1111.217778
27.314505 1109.062222
27.564517 1111.168889
27.814948 1113.328889
28.066037 1116.973214
28.316527 1117.294643
28.567343 1113.288889
28.818253 1112.182222
29.069045 1115.678571
29.319191 1115.549107
29.569424 1108.973333
29.819526 1108.544248
30.070501 1110.457778
30.320783 1114.178571
30.570983 1116.897321
30.821609 1109.355556
31.071706 1114.665179
31.321722 1110.404444
31.572022 1111.564444
31.822539 1107.743363
32.073468 1113.395556
32.324340 1117.910714
32.575131 1111.337778
32.825723 1104.292035
33.075831 1124.152466
33.326896 1131.067873
33.577435 1111.542222
33.827722 1109.466667
34.077809 1112.795556
34.328647 1111.724444
34.579519 1108.482301
34.830371 1111.640000
35.081046 1113.017778
35.331866 1110.666667
35.582302 1104.548673
35.832421 1106.575221
36.082758 1109.866667
36.333052 1111.204444
36.583327 1100.264317
36.833762 1107.154867
37.084425 1113.253333
37.335343 1107.942478
37.586302 1120.336323
37.836390 1115.799107
38.087049 1113.977679
38.337064 1111.622222
38.587597 1106.517699
38.837815 1102.127753
39.088699 1111.364444
39.339128 1108.353982
39.590244 1104.597345
39.840410 1117.455357
40.091168 1112.453333
40.341967 1110.697778
40.592265 1110.480000
40.842589 1101.665198
41.092974 1111.475556
41.343698 1109.328889
41.593838 1103.039648
41.844588 1107.026549
42.095183 1111.382222
42.345825 1112.475556
42.596519 1110.928889
42.846874 1108.977876
43.098044 1115.388393
43.348355 1110.382222
43.598416 1099.577093
43.848710 1118.183036
44.099417 1111.293333
44.349947 1111.071111
44.600260 1108.306667
44.850289 1120.744395
45.100779 1113.804444
45.351637 1113.715556
45.602855 1113.191111
45.853631 1118.607143
46.104611 1115.642857
46.354895 1116.312500
46.605474 1122.058296
46.856171 1111.768889
47.106553 1108.606195
47.357658 1111.764444
47.608228 1109.902222
47.858378 1110.822222
48.108707 1109.951111
48.358780 1112.795556
48.609529 1103.405286
48.860503 1107.460177
49.111450 1114.186667
49.362420 1112.071111
49.613047 1110.853333
49.863406 1111.151111
50.113770 1115.616071
50.364334 1111.937778
50.614834 1111.080000
50.865280 1106.663717
51.115754 1109.675556
51.365945 1113.191111
51.616886 1121.035874
51.867284 1119.905830
52.117446 1110.191111
52.367668 1111.200000
52.618091 1128.450450
52.869028 1121.269058
53.119439 1114.428571
53.369460 1111.151111
53.619771 1111.604444
53.870479 1110.853333
54.120701 1112.800000
54.371701 1115.566964
54.621711 1102.788546
54.872742 1112.995556
55.123744 1110.911111
55.374068 1110.742222
55.624350 1109.777778
55.874452 1118.803571
56.125520 1117.553571
56.376234 1111.462222
56.626582 1110.355556
56.877155 1110.915556
57.127174 1110.928889
57.377968 1112.377778
57.628413 1111.884444
57.879298 1106.535398
58.129635 1111.084444
58.380177 1112.035556
58.630693 1104.561947
58.880967 1121.143498
59.131165 1111.168889
59.381733 1111.071111
59.632138 1107.225664
59.882825 1115.879464
60.133434 1107.300885
60.384062 1111.880000
60.634622 1111.920000
60.885332 1101.955947
61.135894 1106.309735
61.386403 1111.831111
61.637083 1107.407080
61.887794 1111.191111
62.138294 1113.386667
62.389197 1112.888889
62.639899 1113.901786
62.890127 1106.858407
63.140455 1118.434978
63.390481 1109.977778
63.640635 1115.138393
63.890864 1115.968750
64.141134 1109.306667
64.391233 1123.358744
64.642194 1134.372727
64.892226 1124.372197
65.143362 1120.802691
65.393828 1111.724444
65.644163 1108.040000
65.894206 1126.527027
66.144429 1110.728889
66.394732 1110.760000
66.645227 1107.712389
66.896008 1111.866667
67.146583 1112.751111
67.397348 1109.875556
67.647665 1110.120000
67.897683 1107.982301
68.148524 1104.738938
68.398794 1111.808889
68.649308 1112.097778
68.899862 1111.897778
69.150562 1118.245536
69.401375 1110.493333
69.651964 1110.493333
69.902063 1112.088889
70.152792 1118.428571
70.403795 1108.778761
70.654886 1107.460177
70.905409 1102.471366
71.156465 1107.336283
71.406957 1110.395556
71.657218 1107.097345
71.907961 1109.044248
72.158943 1111.600000
72.409366 1110.431111
72.659978 1112.586667
72.910457 1121.878924
73.161350 1118.553571
73.412279 1110.102222
73.662546 1107.495575
73.913430 1115.799107
74.163515 1109.960000
74.413731 1113.794643
74.663852 1110.551111
74.914205 1109.433628
75.165175 1111.346667
75.415652 1109.626667
75.665975 1110.822222
75.916155 1111.040000
76.166739 1113.875556
76.417817 1112.924444
76.668729 1104.286344
76.919574 1119.874439
77.169997 1117.562500
77.420619 1111.031111
77.670956 1105.977876
77.921454 1101.986784
78.171809 1109.840000
78.422285 1111.648889
78.672660 1108.155556
78.922770 1106.137168
79.173157 1110.537778
79.423597 1109.666667
79.673732 1111.320000
79.924194 1102.312775
80.175061 1108.460177
80.425741 1108.553097
80.677011 1113.368889
80.927866 1114.328889
81.178909 1103.731278
81.430050 1112.333333
81.680823 1109.353982
81.931932 1110.315556
82.182145 1106.309735
82.432476 1112.000000
82.683105 1111.453333
82.933762 1103.550661
83.184757 1113.515556
83.435592 1112.680000
83.686660 1111.102222
83.937136 1108.367257
84.188022 1112.128889
84.438611 1111.493333
84.689002 1116.388393
84.939529 1122.556054
85.190561 1116.410714
85.440817 1111.911111
85.691823 1114.062222
85.942664 1121.143498
86.193248 1118.540179
86.444253 1113.884444
86.695288 1109.355556
86.945291 1106.823009
87.195835 1111.017778
87.446386 1112.551111
87.697138 1108.305310
87.948168 1104.814159
88.198322 1107.243363
88.449021 1111.773333
88.699673 1130.420814
88.949729 1113.182222
89.200776 1108.424779
89.451682 1114.191964
89.701768 1109.026549
89.952917 1106.168142
90.203404 1108.420354
90.454245 1111.866667
90.704998 1107.588496
90.955733 1116.401786
91.206133 1111.973333
91.456620 1113.622222
91.707784 1110.644444
91.958169 1112.048889
92.208759 1111.240000
92.459047 1110.195556
92.709581 1111.924444
92.960014 1107.159292
93.210734 1114.799107
93.460935 1110.991111
93.711251 1112.542222
93.962129 1116.254464
94.212516 1108.610619
94.463582 1113.320000
94.714334 1110.982222
94.964812 1106.915929
95.215445 1113.453333
95.466554 1111.622222
95.717011 1103.849558
95.967210 1116.214286
96.217409 1108.517699
96.468347 1111.253333
96.719043 1114.879464
96.969194 1110.111111
97.219415 1116.839286
97.470073 1113.266667
97.720920 1104.911504
97.971256 1105.066372
98.221335 1114.495536
98.471397 1112.702222
98.722268 1108.800885
98.973373 1110.133333
99.223489 1106.221239
99.473889 1113.088889
99.724820 1111.937778
99.975679 1114.946429
100.225816 1123.565022
100.476729 1111.773333
100.727383 1106.168142
100.977970 1112.960000
101.228678 1110.755556
101.478903 1110.288889
101.729397 1098.986842
101.980504 1113.737778
102.231345 1112.648889
102.482193 1111.560000
102.732794 1103.370044
102.983735 1114.120536
103.233736 1105.628319
103.483900 1112.822222
103.734826 1134.172727
103.984829 1111.244444
104.235283 1114.213333
104.486414 1112.844444
104.737077 1119.479821
104.987391 1120.130045
105.237568 1114.799107
105.487590 1112.888889
105.738441 1110.217778
105.988692 1113.542222
106.239478 1110.577778
106.489876 1116.071429
106.740389 1138.736364
106.991422 1117.049107
107.242141 1108.849558
107.493087 1113.791111
107.744027 1108.769912
107.995031 1109.764444
108.245353 1097.859649
108.496053 1114.522321
108.746166 1108.438053
108.997112 1114.364444
109.248281 1109.871111
109.498348 1112.680000
109.749088 1107.969027
110.000146 1104.061674
110.251185 1102.806167
110.501868 1109.933333
110.752198 1115.450893
111.002377 1114.491071
111.252420 1104.920354
111.502514 1109.928889
111.752574 1126.495495
112.003316 1118.879464
112.254290 1109.132743
112.505379 1112.377778
112.756064 1111.555556
113.006663 1106.840708
113.257160 1095.929825
113.507482 1111.200000
113.758059 1109.584071
114.009046 1109.373333
114.259276 1111.315556
114.509544 1109.933333
114.759784 1110.262222
115.009913 1097.026316
115.260695 1111.546667
115.511150 1110.746667
115.761616 1113.204444
116.012469 1114.415179
116.262526 1118.339286
116.513449 1112.440000
116.764208 1109.924444
117.014370 1107.933628
117.264954 1115.589286
117.515489 1110.946667
117.765689 1109.591111
118.016109 1114.097778
118.267174 1111.475556
118.517611 1112.195556
118.768342 1109.662222
119.018443 1124.756757
119.268474 1124.698198
119.518694 1111.391111
119.769202 1110.764444
120.019679 1114.035556
120.270563 1118.785714
120.521661 1113.413333
120.772536 1109.920000
121.022625 1110.062222
121.273063 1130.823529
121.523245 1113.417778
121.774356 1110.604444
122.024525 1101.885463
122.274972 1106.336283
122.525429 1111.213333
122.776022 1102.960352
123.026959 1114.475556
123.277905 1120.156951
123.528155 1112.711111
123.778893 1106.690265
124.029620 1109.751111
124.279782 1116.339286
124.529977 1109.293333
124.780269 1108.924779
125.031243 1109.017699
125.282375 1116.223214
125.532687 1111.155556
125.783260 1110.702222
126.033416 1110.946667
126.283938 1110.080000
126.534059 1110.666667
126.784372 1105.694690
127.034885 1107.610619
127.285625 1117.299107
127.536251 1112.168889
127.786879 1112.182222
128.037787 1105.252212
128.287788 1102.471366
128.538568 1109.702222
128.788694 1109.022222
129.038758 1111.835556
129.289237 1123.170404
129.540104 1112.075556
129.790840 1110.786667
130.041184 1103.433628
130.291212 1115.392857
130.541410 1111.000000
130.791746 1111.755556
131.042404 1111.928889
131.293009 1107.836283
131.543897 1115.053571
131.793959 1109.906667
132.044328 1121.865471
132.294924 1115.875000
132.544961 1113.250000
132.795200 1114.391111
133.046052 1123.349776
133.297154 1123.058296
133.547993 1112.644444
133.798799 1117.290179
134.049514 1114.008889
134.300525 1110.128889
134.550658 1110.057778
134.800976 1106.433628
135.051465 1113.462222
135.302325 1109.271111
135.552591 1113.982222
135.803663 1111.706667
136.053994 1110.395556
136.304393 1108.522124
136.555254 1110.817778
136.805896 1113.186667
137.056687 1109.186667
137.306776 1100.370044
137.557104 1113.586667
137.808023 1114.346667
138.058977 1113.240000
138.309872 1102.969163
138.560712 1111.520000
138.811282 1106.101770
139.061910 1115.875000
139.312101 1109.635556
139.562278 1112.880000
139.813161 1109.746667
140.063385 1105.415929
140.313397 1110.617778
140.563718 1111.537778
140.814252 1109.422222
141.064327 1105.862832
141.314807 1124.089686
141.565891 1112.777778
141.816674 1110.248889
142.066837 1110.404444
142.317188 1103.837004
142.568264 1114.397321
142.818295 1123.085202
143.069176 1125.657658
143.319396 1108.473451
143.570533 1111.213333
143.820682 1101.480176
144.071396 1112.391111
144.321997 1109.644444
144.572186 1113.417778
144.822967 1120.771300
145.073493 1126.022523
145.323668 1103.752212
145.573727 1112.240000
145.824233 1111.435556
146.074884 1113.257778
146.325679 1136.000000
146.576042 1112.480000
146.826888 1110.346667
147.077175 1111.786667
147.327861 1111.320000
147.578204 1110.657778
147.828588 1109.066372
148.079712 1101.180617
148.330119 1115.665179
148.580623 1112.604444
148.831117 1108.724444
149.081324 1105.898230
149.331574 1110.977778
149.582008 1111.355556
149.832520 1111.826667
150.083236 1110.715556
150.333486 1106.544248
150.584116 1110.768889
150.834655 1113.288889
151.085179 1111.631111
151.335988 1109.902222
151.586038 1113.160000
151.836912 1107.871681
152.087696 1125.004505
152.337990 1109.937778
152.588257 1112.933333
152.839116 1111.613333
153.089662 1112.671111
153.340315 1110.431111
153.590680 1111.631111
153.841403 1110.520000
154.091625 1109.084071
154.342597 1107.575221
154.593450 1108.982301
154.844384 1110.817778
155.094980 1115.098214
155.345213 1118.625000
155.596095 1112.982222
155.847034 1111.013333
156.097399 1111.386667
156.348031 1106.694690
156.598366 1108.292035
156.849359 1107.778761
157.100304 1103.969163
157.351390 1108.575221
157.602247 1110.302222
157.852567 1112.031111
158.103201 1112.733333
158.354044 1114.879464
158.604130 1111.648889
158.854747 1107.137168
159.105472 1105.168142
159.355500 1119.762332
159.605711 1113.204444
159.856673 1110.560000
160.106981 1116.218750
160.357441 1124.927928
160.607500 1114.459821
160.857610 1114.553571
161.107859 1122.551570
161.358425 1116.892857
161.609238 1112.066667
161.859727 1111.724444
162.110561 1106.818584
162.361040 1105.252212
162.611170 1107.761062
162.862157 1111.115556
163.112271 1107.513274
163.363170 1117.089286
163.614010 1111.546667
163.864515 1106.606195
164.114928 1105.513274
164.365359 1110.240000
164.615529 1116.035714
164.866040 1109.473451
165.117032 1107.933628
165.367736 1109.991111
165.618114 1110.275556
165.868197 1113.768889
166.119341 1111.315556
166.369856 1110.231111
166.620078 1109.991111
166.870297 1111.048889
167.120751 1106.460177
167.371235 1109.132743
167.622430 1114.435556
167.873314 1110.902222
168.123743 1127.247748
168.374500 1120.829596
168.624897 1113.093333
168.875858 1111.906667
169.126200 1108.631111
169.376244 1110.342222
169.626565 1112.773333
169.877392 1112.804444
170.128188 1111.146667
170.378391 1107.787611
170.629464 1109.570796
170.880485 1111.426667
171.131136 1112.680000
171.381722 1106.469027
171.632405 1115.361607
171.882668 1120.201794
172.132954 1111.488889
172.383429 1108.761062
172.634540 1111.720000
172.884976 1105.407080
173.135159 1116.334821
173.385592 1113.657778
173.636696 1109.213333
173.886766 1111.573333
174.137194 1112.253333
174.387878 1121.865471
174.638577 1120.878924
174.888955 1111.235556
175.139175 1109.653333
175.389402 1111.417778
175.640023 1113.968750
175.890024 1111.084444
176.140431 1112.391111
176.391131 1131.502262
176.641626 1115.013393
176.891859 1109.600000
177.142038 1118.308036
177.392767 1105.323009
177.643086 1108.340708
177.893846 1109.515556
178.143971 1111.164444
178.394435 1126.265766
178.644932 1114.008889
178.896009 1110.711111
179.146406 1095.771930
179.396614 1116.955357
179.647106 1114.187500
179.897381 1106.778761
180.147869 1127.189189
180.398350 1120.448430
180.648744 1115.852679
180.899127 1111.182222
181.149465 1106.942478
181.400124 1118.825893
181.651115 1112.213333
181.901913 1112.773333
182.152673 1107.557522
182.403404 1099.559471
182.653449 1112.426667
182.904407 1110.520000
183.154452 1114.241071
183.404604 1125.126126
183.654806 1113.360000
183.905820 1116.674107
184.156201 1120.022422
184.406461 1112.435556
184.657096 1112.142222
184.907957 1112.475556
185.158566 1111.048889
185.409021 1110.328889
185.659361 1110.955556
185.909774 1116.785714
186.160241 1130.660633
186.410565 1116.691964
186.661199 1112.920000
186.912071 1111.733333
187.162597 1110.564444
187.412910 1106.508850
187.663354 1109.528889
187.913542 1127.225225
188.164143 1122.452915
188.414763 1108.808889
188.664839 1106.438053
188.915139 1108.577778
189.165267 1104.629956
189.416368 1124.680180
189.666432 1112.106667
189.917103 1110.497778
190.167360 1112.471111
190.418195 1108.305310
190.669115 1116.040179
190.919389 1111.817778
191.170082 1115.799107
191.420577 1110.173333
191.670718 1107.190265
191.921352 1110.053333
192.171542 1113.862222
192.422453 1114.750000
192.672861 1109.778761
192.924040 1111.128889
193.174263 1111.702222
193.424830 1109.835556
193.675064 1108.517699
193.926219 1111.280000
194.176724 1110.488889
194.426822 1113.404444
194.677845 1112.986667
194.928623 1112.520000
195.179565 1121.273543
195.429820 1121.421525
195.680213 1113.680000
195.931407 1113.822222
196.182237 1124.256757
196.432438 1110.084444
196.682473 1109.964444
196.932893 1113.524444
197.183552 1110.342222
197.434036 1112.960000
197.684706 1113.182222
197.935715 1110.071111
198.185854 1109.782222
198.436118 1121.026906
198.686377 1118.946188
198.936381 1111.035556
199.186849 1111.880000
199.437487 1110.111111
199.687526 1117.816964
199.938535 1112.320000
200.189154 1107.327434
200.439880 1106.566372
200.690451 1107.858407
200.941176 1110.168889
201.191450 1112.084444
201.441923 1099.026432
201.691940 1111.520000
201.942486 1113.524444
202.193524 1112.444444
202.444246 1118.887892
202.694398 1112.968889
202.944778 1113.200893
203.194955 1110.871111
203.445232 1110.320000
203.695507 1109.553097
203.946688 1111.835556
204.197064 1110.355556
204.447662 1127.806306
204.698455 1111.164444
204.948613 1110.337778
205.198980 1111.680000
205.449597 1111.142222
205.699992 1110.911111
205.950431 1109.364444
206.200496 1124.318386
206.451622 1129.346847
206.702686 1109.688889
206.952693 1113.377778
207.203622 1110.582222
207.454042 1107.168142
207.704746 1105.871681
207.954974 1112.213333
208.205843 1112.026667
208.456409 1110.293333
208.706767 1112.333333
208.957375 1110.244444
209.207686 1102.788546
209.458478 1113.942222
209.709396 1109.822222
209.959541 1107.619469
210.210398 1109.995556
210.460607 1115.620536
210.710924 1109.844444
210.960998 1110.195556
211.211271 1111.937778
211.461725 1109.457778
211.711806 1107.991150
211.962808 1112.973333
212.213649 1119.802691
212.463701 1124.860360
212.713999 1118.241071
212.964990 1111.600000
213.215396 1120.121076
213.465641 1118.928251
213.715714 1111.311111
213.966062 1112.568889
214.216792 1110.831111
214.467186 1112.764444
214.718070 1120.717489
214.968240 1110.831111
215.218584 1111.213333
215.468979 1108.274336
215.719849 1110.035556
215.970187 1112.448889
216.221028 1111.351111
216.471457 1109.471111
216.721556 1097.657895
216.972291 1113.008889
217.223018 1110.804444
217.473502 1112.057778
217.724144 1114.977679
217.974272 1112.613333
218.225046 1110.955556
218.475287 1121.578475
218.726145 1117.928571
218.976931 1113.120000
219.227611 1106.398230
219.478263 1106.000000
219.728696 1115.388393
219.978938 1108.986726
220.230168 1109.960000
220.480378 1109.110619
220.731371 1113.248889
220.982396 1111.391111
221.232631 1110.200000
221.483052 1108.575221
221.734009 1104.792035
221.984166 1111.608889
222.234400 1112.871111
222.485313 1111.942222
222.735937 1112.955556
222.986770 1113.262222
223.237719 1112.488889
223.488523 1108.132743
223.739537 1122.663677
223.990074 1107.469027
224.240948 1108.039823
224.491706 1116.750000
224.742323 1112.857778
224.993065 1114.022321
225.243159 1111.013333
225.493515 1109.640000
225.743550 1112.515556
225.994606 1113.271111
226.245230 1110.653333
226.495726 1111.955556
226.745957 1109.253333
226.996192 1112.475556
227.246994 1110.937778
227.497535 1110.155556
227.747791 1107.818584
227.998490 1111.502222
228.248943 1113.560000
228.499841 1104.305310
228.749848 1107.875556
228.999868 1113.053333
229.250380 1110.600000
229.501092 1108.212389
229.751711 1112.657778
230.002630 1113.760000
230.253555 1111.271111
230.504040 1109.911111
230.754317 1107.792035
231.004794 1110.982222
231.255448 1107.535398
231.506300 1116.928571
231.756729 1115.875000
232.007128 1112.533333
232.257839 1107.982301
232.508733 1111.462222
232.759304 1110.226667
233.009382 1112.111111
233.260225 1111.031111
233.510485 1107.115044
233.761083 1107.707965
234.012035 1111.186667
234.262452 1117.767857
234.513256 1118.321429
234.764177 1106.637168
235.014757 1113.497778
235.265675 1128.234234
235.516671 1129.882353
235.766707 1113.906667
236.017752 1111.506667
236.268142 1107.420354
236.518893 1101.352423
236.769399 1107.907080
237.020097 1109.688889
237.270383 1103.592920
237.520389 1124.219731
237.771380 1110.942222
238.021574 1109.484444
238.271762 1111.537778
238.522289 1106.893805
238.772770 1109.702222
239.023142 1113.471111
239.273891 1110.600000
239.524393 1110.604444
239.774715 1109.579646
240.025815 1111.497778
240.276188 1110.413333
240.526668 1110.457778
240.776887 1103.004405
241.027722 1111.982222
241.278528 1108.827434
241.529526 1106.699115
241.779891 1117.794643
242.030861 1112.964444
242.281657 1111.577778
242.532159 1121.340807
242.782655 1107.097345
243.033312 1109.920000
243.283535 1113.115556
243.534406 1119.191964
243.785529 1103.475771
244.036482 1113.600000
244.287444 1110.826667
244.537843 1119.596413
244.787943 1114.520000
245.039092 1109.243363
245.290227 1109.415929
245.541374 1108.641593
245.792411 1101.735683
246.042788 1111.511111
246.293405 1112.453333
246.544022 1118.526786
246.794959 1125.355856
247.045386 1112.631111
247.295983 1109.653333
247.546267 1108.752212
247.797140 1103.960177
248.047270 1111.244444
248.297705 1112.102222
248.548402 1111.684444
248.798894 1106.433628
249.049372 1111.644444
249.299829 1111.604444
249.550515 1111.177778
249.800989 1105.738938
250.051246 1111.391111
250.301675 1108.991150
250.552890 1119.151786
250.803781 1119.116592
251.053972 1111.960000
251.304587 1103.008811
251.555377 1112.413333
251.806011 1123.031390
252.056881 1112.884444
252.307541 1105.712389
252.558140 1105.761062
252.808477 1108.469027
253.059344 1111.048889
253.309974 1119.928571
253.561085 1131.914027
253.811664 1112.484444
254.062383 1112.657778
254.313001 1111.066667
254.563587 1112.875556
254.814378 1098.828947
255.065435 1110.720000
255.315708 1106.216814
255.566030 1108.185841
255.817099 1111.951111
256.067638 1112.897778
256.318362 1110.880000
256.568928 1110.831111
256.819250 1107.761062
257.069845 1112.017778
257.320690 1114.526786
257.570753 1131.552036
257.820960 1115.049107
258.071420 1110.893333
258.321774 1111.537778
258.572172 1111.195556
258.822686 1112.457778
259.073519 1110.715556
259.323928 1108.141593
259.574547 1129.719457
259.824745 1112.635556
260.075531 1113.417778
260.326533 1110.915556
260.576944 1115.629464
260.827293 1135.681818
261.077416 1114.718750
261.327641 1108.836283
261.578593 1109.123894
261.829608 1103.339207
262.080656 1112.986667
262.331422 1109.053333
262.581512 1108.358407
262.832180 1102.052863
263.082891 1110.284444
263.333112 1112.035556
263.583883 1105.442478
263.834130 1113.217778
264.085009 1111.168889
264.335502 1106.079646
264.586037 1094.789474
264.836042 1115.316964
265.086201 1111.586667
265.336446 1121.964126
265.587227 1132.375566
265.838060 1125.427928
266.088283 1112.813333
266.339164 1111.022222
266.589635 1115.678571
266.839937 1119.223214
267.090941 1111.284444
267.341459 1108.615044
267.592245 1112.084444
267.843012 1109.542222
268.093255 1111.160000
268.343283 1110.764444
268.593911 1109.269912
268.845080 1123.672646
269.095964 1110.422222
269.346333 1104.853982
269.596471 1109.176991
269.847530 1121.080717
270.097811 1110.915556
270.348449 1113.657778
270.599242 1105.871681
270.849763 1103.850220
271.100620 1112.253333
271.351427 1110.613333
271.601552 1107.973451
271.852529 1105.929204
272.102932 1111.497778
272.353496 1112.560000
272.604250 1111.684444
272.854897 1107.353982
273.105455 1110.324444
273.355737 1112.835556
273.606520 1110.995556
273.856925 1106.092920
274.107452 1111.835556
274.358134 1111.680000
274.608309 1111.066667
274.858953 1113.786667
275.109938 1121.488789
275.360567 1127.927928
275.611299 1110.040000
275.861406 1107.318584
276.112243 1111.977778
276.362715 1132.764706
276.613716 1110.502222
276.863758 1097.377193
277.114406 1113.191111
277.365322 1109.973333
277.615549 1110.888889
277.865823 1108.000000
278.116776 1112.302222
278.367513 1112.293333
278.618141 1115.125000
278.868517 1104.607930
279.119575 1111.502222
279.370101 1111.137778
279.620572 1111.653333
279.871071 1104.725664
280.121119 1112.884444
280.371985 1111.688889
280.622582 1111.648889
280.873189 1108.823009
281.124014 1112.400000
281.374894 1111.453333
281.625248 1104.800885
281.875566 1110.173333
282.125581 1112.471111
282.376319 1111.191111
282.626801 1109.502222
282.877013 1107.738938
283.127804 1111.444444
283.378355 1129.710407
283.628489 1118.611607
283.879375 1099.324561
284.130355 1110.653333
284.380763 1112.253333
284.631492 1107.893805
284.882344 1093.956332
285.133113 1110.831111
285.383519 1112.395556
285.634378 1109.035398
285.885434 1115.116071
286.135446 1110.031111
286.385744 1106.535398
286.636241 1120.318386
286.886708 1113.386667
287.137650 1111.284444
287.387976 1112.395556
287.638761 1111.684444
287.889169 1116.522321
288.139917 1111.053333
288.390305 1112.200000
288.641145 1111.662222
288.891420 1110.217778
289.141761 1108.564444
289.391796 1109.845133
289.642878 1107.181416
289.893504 1101.039648
290.144022 1111.511111
290.394460 1111.591111
290.644896 1112.408889
290.895694 1122.210762
291.146512 1115.169643
291.396690 1110.808889
291.646916 1113.444444
291.897892 1110.137778
292.148266 1112.453333
292.399020 1108.274336
292.649696 1108.796460
292.900867 1106.924779
293.151254 1113.391111
293.402430 1111.226667
293.652819 1114.687500
293.902952 1132.416290
294.153519 1113.466667
294.404575 1119.138393
294.655795 1125.310811
294.905825 1112.657778
295.156716 1112.613333
295.407397 1112.817778
295.658144 1107.672566
295.908929 1109.884444
296.159224 1107.606195
296.409948 1111.640000
296.660383 1112.697778
296.911319 1108.053097
297.161987 1111.191111
297.412615 1108.654867
297.663467 1111.048889
297.914004 1111.808889
298.164646 1110.257778
298.414830 1112.542222
298.665561 1112.128889
298.916060 1107.500000
299.166892 1111.555556
299.417451 1111.644444
299.667771 1108.132743
299.918965 1108.411504
300.169888 1112.835556
300.420530 1110.751111
300.670956 1106.053097
300.921152 1114.638393
301.171451 1111.524444
301.421694 1111.960000
301.672646 1112.484444
301.923139 1114.455357
302.173170 1109.368889
302.423377 1111.960000
302.673820 1110.960000
302.924421 1113.426667
303.175354 1112.635556
303.425946 1111.226667
303.676677 1114.008889
303.927492 1113.919643
304.177645 1113.142222
304.428495 1111.493333
304.678939 1106.323009
304.929233 1113.244444
305.180338 1112.853333
305.431203 1112.106667
305.681766 1108.163717
305.932576 1104.628319
306.182850 1112.071111
306.433403 1109.751111
306.683564 1112.724444
306.934177 1109.666667
307.184481 1113.280000
307.435395 1112.284444
307.686152 1111.351111
307.936556 1108.915929
308.187354 1107.115044
308.438131 1108.380531
308.689201 1113.706667
308.940150 1116.089286
309.190641 1109.203540
309.441539 1111.217778
309.692040 1108.217778
309.942128 1109.893805
310.192899 1112.915556
310.444026 1107.207965
310.694882 1104.052863
310.945756 1118.549107
311.196747 1109.884444
311.446872 1112.866667
311.697632 1112.795556
311.948335 1124.022523
312.198485 1108.438053
312.449437 1113.155556
312.700141 1108.163717
312.950984 1098.399123
313.201824 1107.592920
313.452537 1111.835556
313.703420 1109.274336
313.954457 1121.556054
314.205112 1116.437500
314.455345 1110.968889
314.705904 1107.969027
314.956645 1096.820175
315.207323 1110.720000
315.457572 1117.290179
315.708392 1129.621622
315.959339 1109.453333
316.209540 1114.257778
316.460529 1110.115556
316.710894 1111.777778
316.961466 1106.252212
317.211871 1106.367257
317.462152 1112.968889
317.713322 1123.412556
317.963953 1121.376682
318.214609 1112.342222
318.465423 1115.642857
318.715598 1112.035556
318.966450 1117.785714
319.217193 1109.415929
319.468203 1113.697778
319.719181 1106.061947
319.969864 1104.149780
320.220784 1115.834821
320.470979 1112.502222
320.721695 1111.395556
320.972251 1121.197309
321.222786 1117.785714
321.473416 1109.813333
321.723800 1111.444444
321.974093 1100.149780
322.224479 1112.382222
322.474995 1111.004444
322.725503 1110.986667
322.975659 1099.273128
323.225875 1115.272321
323.476152 1112.684444
323.726980 1114.591111
323.978194 1114.680000
324.229340 1109.262222
324.479447 1111.893333
324.730005 1111.746667
324.980236 1114.071429
325.230433 1116.611607
325.480880 1111.906667
325.731550 1110.720000
325.981867 1106.960177
326.232412 1106.101770
326.482921 1109.693333
326.733080 1109.453333
326.983171 1104.269912
327.233183 1108.721239
327.483952 1112.711111
327.734726 1113.355556
327.985838 1103.726872
328.236722 1109.053333
328.486866 1108.513274
328.737722 1114.629464
328.987793 1111.120000
329.238326 1111.213333
329.488549 1113.057778
329.739483 1108.353982
329.990531 1105.654867
330.240802 1115.133929
330.490999 1113.884444
330.742150 1110.311111
330.992434 1122.623318
331.243164 1114.071111
331.494123 1114.187500
331.744258 1111.937778
331.994861 1104.158590
332.245837 1106.991150
332.496549 1113.773333
332.747390 1108.728889
332.997547 1099.969298
333.248695 1112.395556
333.499241 1113.613333
333.750246 1105.853982
334.000807 1099.885463
334.250825 1106.876106
334.501508 1112.955556
334.752302 1103.599119
335.003295 1109.488889
335.253348 1110.093333
335.503516 1111.031111
335.753856 1111.137778
336.004339 1108.734513
336.255192 1110.137778
336.505519 1111.248889
336.755972 1107.632743
337.006642 1106.265487
337.257321 1107.168142
337.507908 1111.195556
337.758256 1125.603604
338.008763 1110.022124
338.259773 1107.526549
338.510618 1111.480000
338.761155 1110.306667
339.011401 1113.048889
339.262124 1115.379464
339.512604 1137.840909
339.762983 1135.718182
340.013464 1110.040000
340.263625 1106.274336
340.513964 1110.026667
340.764394 1103.515419
341.015235 1109.101770
341.266267 1110.360000
341.516575 1126.644144
341.766956 1134.786364
342.017226 1117.790179
342.267910 1113.151111
342.518881 1115.754464
342.769244 1109.004444
343.019301 1114.564444
343.270362 1108.407080
343.521145 1112.302222
343.771923 1110.182222
344.022049 1104.008850
344.272113 1105.579646
344.522458 1120.847534
344.772845 1117.924107
345.023697 1109.482301
345.274875 1108.646018
345.525679 1111.884444
345.776356 1111.053333
346.026894 1111.666667
346.277390 1112.595556
346.527793 1111.951111
346.778656 1104.800885
347.028727 1103.836283
347.278751 1112.457778
347.529431 1115.218750
347.779689 1125.450450
348.030037 1116.625000
348.280344 1108.212389
348.531507 1112.026667
348.781929 1108.384956
349.033009 1114.517857
349.283103 1107.283186
349.533708 1112.573333
349.784582 1113.328889
350.035192 1111.057778
350.285805 1111.408889
350.536270 1111.684444
350.786830 1109.644444
351.037049 1120.085202
351.287220 1123.237668
351.538190 1111.311111
351.788495 1109.684444
352.038580 1105.712389
352.289111 1103.590308
352.539945 1114.312500
352.790081 1111.080000
353.040374 1124.977477
353.290684 1120.834081
353.540909 1110.008889
353.791231 1110.737778
354.041659 1123.560538
354.292380 1114.424107
354.542696 1112.764444
354.793290 1109.111111
355.043375 1109.520000
355.293481 1106.092920
355.543849 1113.764444
355.794803 1106.973451
356.045404 1116.982143
356.296211 1113.444444
356.547138 1107.884956
356.797919 1115.450893
357.048121 1115.401786
357.298445 1110.302222
357.548736 1115.250000
357.798987 1128.274775
358.049901 1109.274336
358.300882 1112.488889
358.551668 1111.955556
358.802190 1111.395556
359.052587 1107.606195
359.303340 1111.240000
359.553933 1116.513393
359.804424 1111.742222
360.055160 1113.008889
360.305778 1113.146667
360.556922 1112.022222
360.807509 1110.933333
361.057901 1110.257778
361.308115 1104.066079
361.559058 1108.141593
361.809933 1106.924779
362.060706 1113.364444
362.311315 1105.641593
362.561706 1109.795556
362.812056 1109.433628
363.063257 1118.580357
363.314126 1112.755556
363.565070 1110.133333
363.815147 1112.657778
364.065835 1111.097778
364.316311 1111.453333
364.566767 1111.968889
364.817550 1111.777778
365.068012 1111.711111
365.318673 1121.838565
365.569205 1110.871111
365.819781 1107.296460
366.070200 1109.337778
366.320213 1110.084444
366.570225 1110.808889
366.821082 1110.973333
367.071290 1113.364444
367.322328 1107.482301
367.572967 1113.168889
367.823879 1104.343612
368.075108 1121.542601
368.325386 1112.044444
368.575962 1109.880000
368.826196 1110.484444
369.076464 1111.248889
369.326892 1113.515556
369.577899 1112.182222
369.828618 1123.807175
370.079715 1121.035874
370.330122 1109.238938
370.581019 1111.813333
370.831826 1110.217778
371.081937 1121.690583
371.332460 1112.151111
371.583399 1109.234513
371.834490 1108.911504
372.085445 1112.577778
372.336269 1110.977778
372.586525 1112.697778
372.837525 1110.142222
373.087741 1111.040000
373.338131 1115.450893
373.588256 1112.080000
373.839036 1111.684444
374.089424 1110.186667
374.339803 1123.417040
374.590800 1113.515556
374.841711 1106.535398
375.092363 1106.938053
375.342851 1107.088496
375.593403 1111.751111
375.844095 1118.593750
376.095061 1117.446429
376.345916 1109.778761
376.597149 1112.862222
376.847956 1111.395556
377.098408 1123.730942
377.349291 1118.687500
377.600429 1114.156250
377.850443 1113.417778
378.101262 1117.397321
378.352018 1108.915929
378.603038 1112.626667
378.853934 1109.631111
379.104193 1109.115044
379.355047 1108.318584
379.606093 1113.813333
379.856998 1110.395556
380.107389 1117.156250
380.358069 1115.834821
380.608314 1112.995556
380.859195 1106.889381
381.109880 1116.428571
381.360440 1115.049107
381.610742 1112.777778
381.861321 1118.964126
382.111584 1116.227679
382.361903 1110.182222
382.612029 1112.022222
382.862908 1125.391892
383.113162 1114.151111
383.364108 1106.623894
383.614731 1111.893333
383.865266 1110.360000
384.115595 1109.172566
384.366700 1107.185841
384.617449 1103.907489
384.868401 1111.640000
385.118988 1116.781250
385.369556 1110.968889
385.620012 1109.457778
385.870149 1102.903084
386.120962 1113.124444
386.371858 1106.000000
386.622385 1113.048889
386.873206 1110.320000
387.123408 1120.726457
387.373834 1122.609865
387.624616 1113.669643
387.874762 1110.337778
388.125062 1103.748899
388.376104 1113.631111
388.627248 1111.137778
388.877374 1112.320000
389.128282 1105.986726
389.378699 1097.978070
389.629464 1111.115556
389.879886 1111.231111
390.130394 1110.746667
390.380729 1108.876106
390.631810 1112.186667
390.882726 1122.071749
391.133152 1119.035714
391.384293 1112.604444
391.634894 1111.382222
391.885644 1111.920000
392.136136 1111.573333
392.386839 1115.732143
392.637191 1113.111111
392.888212 1126.792793
393.138706 1106.367257
393.389334 1108.066372
393.640159 1109.608889
393.890291 1129.579186
394.140441 1118.504464
394.391402 1109.711111
394.641549 1111.257778
394.892020 1105.827434
395.142549 1109.411504
395.393635 1115.580357
395.643860 1109.688889
395.894134 1112.635556
396.144832 1111.422222
396.395467 1108.601770
396.646387 1114.861607
396.896450 1111.155556
397.146964 1109.942222
397.397158 1107.654867
397.648006 1112.075556
397.898795 1117.607143
398.149657 1108.500000
398.400508 1108.323009
398.651635 1108.929204
398.902454 1106.752212
399.153155 1103.814978
399.404066 1109.702222
399.654270 1110.213333
399.904598 1110.866667
400.154869 1105.929204
400.405239 1114.169643
400.655641 1113.000000
400.906334 1112.026667
401.157126 1113.804444
401.407994 1116.312500
401.658693 1110.857778
401.908970 1106.292035
402.159373 1113.186667
402.410497 1121.147982
402.660789 1113.373333
402.911842 1112.600000
403.162629 1112.831111
403.413414 1114.182222
403.664551 1110.604444
403.914799 1111.302222
404.165234 1112.764444
404.416120 1105.057522
404.666210 1108.433628
404.917023 1102.321586
405.167920 1112.400000
405.418495 1115.687500
405.668820 1111.284444
405.919406 1109.835556
406.169480 1106.061947
406.419981 1108.849558
406.670960 1112.373333
406.921692 1110.942222
407.172091 1111.422222
407.422560 1103.960352
407.673504 1108.796460
407.924640 1116.316964
408.175023 1114.687500
408.425123 1103.343612
408.676194 1114.244444
408.927149 1109.653333
409.177434 1106.800885
409.427900 1110.493333
409.678368 1111.146667
409.928708 1125.936937
410.178968 1109.115556
410.429073 1106.057522
410.679321 1113.333333
410.930377 1111.995556
411.180954 1108.048673
411.431992 1105.212389
411.682239 1114.257778
411.933295 1113.306667
412.184113 1110.546667
412.434497 1106.053097
412.684976 1110.213333
412.935225 1111.315556
413.185641 1109.986667
413.435980 1101.863436
413.686323 1109.391111
413.936573 1106.088496
414.186892 1121.690583
414.437446 1108.146018
414.688501 1112.542222
414.938964 1102.493392
415.189858 1102.731278
415.440536 1117.156250
415.691385 1112.697778
415.941845 1108.791111
416.192069 1109.482301
416.443186 1108.929204
416.694315 1112.164444
416.944984 1110.551111
417.195286 1115.883929
417.445460 1124.450450
417.695645 1113.186667
417.946457 1110.471111
418.196824 1104.730088
418.447101 1100.180617
418.697389 1111.911111
418.947603 1101.211454
419.198192 1119.659193
419.448358 1108.942478
419.699463 1111.533333
419.950076 1112.222222
420.200806 1113.422222
420.451691 1108.539823
420.702440 1109.373333
420.952783 1111.484444
421.203221 1113.360000
421.454346 1108.491150
421.705117 1112.657778
421.955837 1111.982222
422.206412 1110.666667
422.456797 1109.977778
422.706999 1115.160714
422.957301 1125.617117
423.207616 1115.267857
423.457947 1110.173333
423.708115 1111.826667
423.958868 1110.782222
424.209060 1122.573991
424.459986 1124.192825
424.711059 1109.360000
424.961157 1116.276786
425.211667 1105.880531
425.461671 1107.588496
425.712774 1112.200000
425.963428 1107.836283
426.214321 1104.566372
426.464430 1109.395556
426.714430 1113.226667
426.965085 1122.609865
427.215996 1116.558036
427.466727 1115.745536
427.716806 1110.915556
427.967400 1114.455357
428.217542 1127.153153
428.467953 1110.595556
428.718475 1113.226667
428.969007 1112.186667
429.219902 1111.564444
429.470346 1111.257778
429.721116 1112.151111
429.971423 1111.022222
430.222217 1107.079646
430.472795 1126.869369
430.723489 1121.708520
430.973986 1124.927928
431.224278 1113.004444
431.474810 1105.061947
431.725023 1111.666667
431.975701 1110.817778
432.226076 1112.826667
432.476957 1108.672566
432.727990 1111.462222
432.978619 1112.284444
433.229328 1108.398230
433.480331 1120.040359
433.730340 1110.475556
433.980714 1122.937220
434.231403 1119.618834
434.481676 1109.628319
434.732872 1112.591111
434.983493 1114.803571
435.233632 1110.888889
435.483983 1102.594714
435.734935 1113.648889
435.985774 1122.874439
436.236742 1119.316964
436.487756 1111.368889
436.738260 1113.093333
436.989157 1111.524444
437.239806 1110.395556
437.489955 1110.760000
437.740438 1129.112613
437.991368 1116.441964
438.242032 1109.853333
438.492153 1111.146667
438.742711 1110.533333
438.993009 1111.835556
439.243677 1104.982301
439.493705 1108.787611
439.744605 1110.453333
439.995098 1112.644444
440.245790 1102.444934
440.496591 1112.293333
440.747399 1112.777778
440.998088 1112.933333
441.248942 1108.592920
441.499937 1113.919643
441.749996 1111.102222
442.000379 1113.542222
442.251571 1116.812500
442.501915 1110.622222
442.752205 1110.373333
443.002733 1110.724444
443.252770 1113.424107
443.502790 1121.609865
443.753245 1109.493333
444.003402 1108.570796
444.254104 1110.684444
444.504569 1116.258929
444.755216 1114.013333
445.006303 1112.346667
445.256849 1109.835556
445.507049 1107.000000
445.757521 1111.951111
446.008360 1104.845133
446.258365 1122.955157
446.509447 1114.959821
446.759658 1111.128889
447.009933 1109.982222
447.260224 1110.666667
447.510538 1107.026549
447.761032 1110.835556
448.011568 1108.827434
448.262455 1098.850220
448.512576 1127.477477
448.763255 1112.102222
449.013736 1111.151111
449.264343 1104.123348
449.515350 1106.314159
449.765872 1111.706667
450.016498 1108.247788
450.267267 1103.594714
450.518327 1114.888393
450.768422 1111.395556
451.019093 1111.000000
451.269406 1109.533333
451.519679 1112.337778
451.770222 1110.831111
452.020855 1113.648889
452.271796 1127.054054
452.522304 1122.802691
452.773231 1113.808889
453.024278 1108.684444
453.274330 1109.216814
453.525425 1115.540179
453.775575 1110.840000
454.026013 1112.528889
454.276801 1107.880531
454.527478 1101.290749
454.778095 1109.706667
455.028104 1112.257778
455.278875 1110.728889
455.529349 1104.590308
455.780447 1110.302222
456.030747 1110.115556
456.281018 1115.075893
456.531116 1111.457778
456.781679 1110.777778
457.031915 1111.826667
457.282668 1108.946903
457.533605 1105.398230
457.783726 1107.513274
458.034596 1115.566964
458.284874 1126.756757
458.535583 1111.448889
458.785967 1110.351111
459.036358 1111.377778
459.286566 1100.229075
459.537104 1108.818584
459.788090 1110.582222
460.038309 1110.902222
460.288741 1107.663717
460.539676 1123.789238
460.790676 1116.991071
461.041203 1112.955556
461.292085 1104.637168
461.542330 1117.616071
461.793098 1112.346667
462.043705 1113.502222
462.294671 1114.875000
462.544781 1115.883929
462.794996 1112.866667
463.045908 1109.062222
463.295972 1117.575893
463.546771 1111.480000
463.797264 1110.115556
464.047406 1112.248889
464.298021 1107.862832
464.548861 1114.758929
464.799065 1113.955556
465.050207 1113.311111
465.301000 1108.265487
465.552074 1094.851528
465.803063 1112.013333
466.053697 1114.098214
466.303808 1114.053333
466.554863 1113.333333
466.805783 1111.182222
467.056147 1112.062222
467.306827 1111.288889
467.557431 1106.681416
467.807860 1105.424779
468.058306 1127.792793
468.309092 1131.737557
468.559362 1110.782222
468.809917 1108.668142
469.061039 1111.351111
469.311334 1107.800885
469.562206 1105.349558
469.812461 1108.849558
470.063434 1109.440000
470.313644 1108.721239
470.564655 1122.107623
470.815325 1112.786667
471.066038 1103.149780
471.317040 1114.383929
471.567107 1117.535714
471.817941 1112.488889
472.068485 1109.426667
472.318702 1119.299107
472.569764 1114.089286
472.819858 1109.570796
473.070967 1111.377778
473.321532 1105.862832
473.571889 1124.000000
473.822742 1107.172566
474.073574 1110.084444
474.323734 1096.947368
474.574481 1112.328889
474.825046 1110.586667
475.075380 1111.066667
475.325795 1115.718750
475.576131 1128.590090
475.826993 1114.584821
476.077050 1111.484444
476.327677 1113.382222
476.578499 1119.587444
476.828886 1118.325893
477.079593 1097.978070
477.330566 1111.577778
477.580839 1115.058036
477.831257 1111.084444
478.081480 1112.137778
478.332305 1107.225664
478.582872 1104.792035
478.833111 1107.641593
479.083785 1111.746667
479.334369 1104.570796
479.584464 1107.765487
479.835217 1109.391111
480.085227 1114.482143
480.335299 1115.973214
480.585873 1115.093750
480.836164 1107.548673
481.086727 1111.364444
481.337157 1108.017699
481.588028 1106.986726
481.838676 1107.929204
482.089653 1110.377778
482.340112 1113.902222
482.591008 1114.620536
482.841133 1111.795556
483.091782 1111.755556
483.342231 1110.533333
483.592555 1108.203540
483.843545 1114.093333
484.094792 1110.946667
484.345092 1110.471111
484.595516 1131.420814
484.845702 1115.263393
485.095956 1110.702222
485.346428 1107.827434
485.597130 1105.424779
485.847523 1114.457778
486.098433 1108.595556
486.348560 1101.295154
486.598856 1113.035556
486.849659 1109.013333
487.099767 1104.464602
487.349915 1112.537778
487.600364 1112.177778
487.851219 1114.013333
488.102240 1110.911111
488.352885 1114.517857
488.602964 1113.728889
488.853627 1106.508850
489.104207 1110.826667
489.354552 1111.960000
489.605161 1108.199115
489.856141 1120.766816
490.106735 1111.862222
490.357221 1111.453333
490.607694 1110.493333
490.857973 1117.700893
491.108715 1112.097778
491.359556 1107.181416
491.610356 1104.405286
491.861547 1103.770925
492.112470 1111.986667
492.362954 1118.991031
492.613063 1124.644144
492.863169 1115.125000
493.113341 1113.542222
493.364169 1109.826667
493.614389 1111.293333
493.865063 1110.875556
494.115318 1120.511211
494.365775 1119.645740
494.615997 1108.473451
494.866706 1114.366071
495.116898 1110.680000
495.367381 1106.734513
495.617808 1113.549107
495.868025 1108.305310
496.118983 1117.450893
496.369744 1125.130631
496.619762 1115.316964
496.870077 1112.840000
497.120906 1107.088496
497.371627 1101.237885
497.622243 1112.831111
497.872855 1107.862832
498.123902 1111.875556
498.374268 1113.164444
498.625099 1105.938053
498.875508 1104.991150
499.125899 1110.960000
499.376185 1115.410714
499.626739 1110.995556
499.877066 1109.066667
500.127087 1109.306667
500.377092 1119.681614
500.627255 1115.928571
500.877744 1113.862222
501.128687 1111.253333
501.379377 1110.462222
501.629715 1125.518018
501.879934 1109.840000
502.130050 1120.775785
502.380318 1123.900901
502.630453 1110.737778
502.880664 1106.942478
503.131390 1111.231111
503.381924 1118.343750
503.632889 1109.182222
503.882974 1106.575221
504.133617 1127.036036
504.384161 1108.933628
504.634924 1102.233480
504.885722 1112.031111
505.136408 1111.337778
505.386719 1125.409910
505.637182 1121.112108
505.887702 1109.564444
506.137800 1110.262222
506.388103 1101.718062
506.638589 1105.575221
506.888948 1110.315556
507.139363 1110.631111
507.389697 1110.226667
507.640012 1116.147321
507.890406 1113.715556
508.141391 1107.898230
508.392449 1114.683036
508.642488 1114.223214
508.892491 1112.080000
509.143317 1111.608889
509.393863 1106.234513
509.644323 1116.415179
509.894974 1113.533333
510.146086 1138.631818
510.396926 1123.641256
510.648041 1110.128889
510.898260 1103.511013
511.149010 1109.457778
511.399368 1111.742222
511.649698 1105.185841
511.900162 1106.929204
512.150887 1119.744395
512.401048 1126.909910
512.651685 1119.428571
512.902856 1111.840000
513.153401 1111.368889
513.403836 1122.556054
513.654501 1132.140271
513.905236 1116.745536
514.155986 1120.739910
514.406426 1121.511211
514.656934 1117.691964
514.907657 1113.964286
515.157660 1114.281250
515.407758 1110.266667
515.657928 1105.659292
515.908279 1119.901345
516.158530 1110.995556
516.408830 1109.462222
516.658982 1126.193694
516.909475 1111.711111
517.160020 1123.671171
517.410065 1121.569507
517.660393 1111.608889
517.911104 1106.340708
518.161622 1111.311111
518.411949 1106.066372
518.662579 1108.230088
518.913441 1111.675556
519.163841 1107.902655
519.414864 1116.839286
519.665452 1113.571429
519.915465 1118.683036
520.166235 1110.426667
520.416925 1110.995556
520.667087 1106.964602
520.917824 1111.071111
521.168020 1111.604444
521.418736 1109.968889
521.669145 1112.097778
521.919901 1104.969027
522.170067 1108.092920
522.420896 1105.216814
522.671065 1112.186667
522.921891 1111.728889
523.172318 1110.097778
523.422779 1112.400000
523.673306 1108.902222
523.923327 1109.500000
524.174196 1111.591111
524.425009 1114.288889
524.675833 1116.825893
524.926899 1123.286996
525.177673 1111.302222
525.428003 1111.800000
525.678669 1107.964602
525.929701 1120.255605
526.179946 1110.520000
526.430172 1103.286344
526.681166 1110.880000
526.931338 1111.311111
527.181915 1112.715556
527.432536 1108.504425
527.683712 1130.488688
527.933979 1114.517857
528.184009 1111.933333
528.434635 1112.644444
528.685453 1106.969027
528.936197 1113.506667
529.187092 1113.386667
529.437909 1111.311111
529.688602 1114.250000
529.938627 1114.115556
530.189723 1114.422222
530.440898 1109.551111
530.691050 1133.542986
530.941818 1111.066667
531.192336 1112.404444
531.442898 1105.119469
531.693256 1102.572687
531.943891 1118.410714
532.194862 1113.000000
532.445733 1120.780269
532.696196 1115.642857
532.946347 1107.991150
533.197165 1114.468750
533.447210 1112.785714
533.697230 1108.792035
533.948229 1109.353982
534.199327 1113.506667
534.450382 1110.600000
534.700772 1112.395556
534.951286 1107.517699
535.201963 1112.888889
535.452879 1111.168889
535.703308 1118.690583
535.953320 1112.640000
536.204138 1112.782222
536.454800 1110.960000
536.705100 1108.464602
536.956033 1104.411504
537.206064 1113.040000
537.457175 1111.471111
537.707722 1118.562500
537.958647 1112.844444
538.209328 1111.440000
538.460025 1112.502222
538.710552 1108.243363
538.961513 1114.718750
539.211638 1110.151111
539.461892 1112.506667
539.712687 1108.488889
539.962756 1103.246696
540.213572 1115.031250
540.463901 1114.457778
540.714853 1109.502222
540.965213 1112.706667
541.215779 1112.271111
541.466457 1112.568889
541.717367 1111.617778
541.967861 1107.960177
542.218565 1112.333333
542.469362 1114.642857
542.719433 1105.088496
542.969777 1108.433628
543.220834 1112.524444
543.471442 1111.328889
543.722028 1119.017857
543.972923 1116.352679
544.223583 1112.497778
544.474393 1111.142222
544.724716 1123.286996
544.975822 1112.960000
545.226594 1114.444444
545.477825 1105.920354
545.727981 1103.982301
545.978140 1113.013333
546.228864 1110.591111
546.479142 1104.632743
546.729161 1117.596413
546.979193 1106.960177
547.229911 1110.262222
547.479942 1105.809735
547.730447 1109.484444
547.980466 1106.628319
548.231047 1111.195556
548.481316 1118.062500
548.732451 1118.973214
548.983272 1104.234513
549.233481 1113.662222
549.484396 1112.177778
549.735261 1110.951111
549.985558 1111.511111
550.236135 1112.462222
550.486897 1109.377778
550.737063 1101.334802
550.987437 1101.665198
551.237790 1108.008850
551.488872 1100.436123
551.739099 1109.342222
551.989105 1108.840708
552.240151 1110.937778
552.490553 1116.772321
552.741003 1124.702703
552.991250 1118.562500
553.242328 1111.826667
553.492919 1122.816143
553.743642 1109.711111
553.993798 1107.513274
554.244502 1110.386667
554.494775 1119.798206
554.744858 1125.770270
554.995345 1110.560000
555.245633 1111.062222
555.496130 1109.968889
555.746236 1111.133333
555.996822 1125.833333
556.247288 1110.435556
556.497536 1123.273543
556.748397 1114.964286
556.998589 1108.466667
557.248601 1114.035556
557.499622 1106.964602
557.750113 1108.822222
558.000188 1107.712389
558.251117 1110.244444
558.501402 1106.553097
558.751937 1108.747788
559.002925 1109.902222
559.253121 1119.937220
559.503268 1109.786667
559.753442 1110.120000
560.003583 1108.853333
560.253764 1110.035556
560.503936 1110.542222
560.754114 1113.026667
561.005198 1113.711111
561.256174 1110.328889
561.506466 1113.813333
561.757500 1123.031390
562.008271 1125.977477
562.258861 1110.684444
562.509015 1109.813333
562.759303 1101.466960
563.009823 1116.776786
563.260449 1111.422222
563.510965 1112.373333
563.761557 1120.098655
564.011924 1123.748879
564.262783 1111.302222
564.513510 1120.430493
564.763655 1114.325893
565.013816 1104.535398
565.263925 1110.133333
565.514258 1109.982222
565.764264 1105.181416
566.014485 1114.343750
566.264742 1110.702222
566.514925 1114.160714
566.765140 1108.477876
567.015893 1101.788546
567.266460 1112.431111
567.517365 1108.960177
567.768394 1108.964602
568.019533 1117.892857
568.270140 1111.893333
568.520909 1112.266667
568.771739 1126.490991
569.021925 1109.444444
569.272234 1111.888889
569.522667 1124.306306
569.772681 1111.480000
570.023232 1110.671111
570.273728 1107.265487
570.524342 1112.382222
570.775001 1108.818584
571.025852 1099.092511
571.276007 1113.684444
571.527033 1108.495575
571.777875 1103.207048
572.028982 1109.826667
572.278986 1109.324444
572.529151 1108.207965
572.779854 1122.730942
573.030823 1110.048889
573.280944 1109.057778
573.531027 1110.191111
573.781409 1125.738739
574.031536 1104.141593
574.281717 1110.062222
574.531821 1108.473451
574.782839 1099.078947
575.033728 1114.281250
575.283970 1109.506667
575.534213 1114.160000
575.785031 1112.142222
576.035817 1098.464912
576.286813 1113.835556
576.537853 1112.813333
576.788552 1110.840000
577.038979 1114.299107
577.289020 1112.048889
577.539645 1102.511013
577.790300 1107.840708
578.040946 1111.942222
578.291997 1110.964444
578.542233 1111.853333
578.793051 1112.515556
579.043791 1100.797357
579.293921 1109.573333
579.544028 1110.288889
579.794413 1125.445946
580.044603 1115.834821
580.295112 1108.473451
580.545956 1115.459821
580.796359 1115.642857
581.046575 1107.876106
581.297476 1109.902222
581.547649 1108.817778
581.797677 1116.794643
582.048300 1114.062222
582.299338 1111.200000
582.549660 1112.880000
582.800430 1110.302222
583.050810 1126.770270
583.301434 1112.102222
583.552026 1113.471111
583.803079 1107.323009
584.053788 1107.845133
584.304511 1111.911111
584.555297 1111.031111
584.805548 1107.203540
585.056273 1120.950673
585.306619 1111.720000
585.557234 1127.572072
585.807883 1117.821429
586.058851 1109.154867
586.309856 1110.302222
586.560153 1111.288889
586.810564 1107.398230
587.061286 1107.362832
587.312049 1112.124444
587.562728 1104.132159
587.813667 1119.686099
588.064005 1119.147321
588.314646 1107.730088
588.565661 1112.964444
588.816643 1118.933036
589.067486 1101.458150
589.317997 1112.515556
589.568871 1112.160000
589.819370 1110.888889
590.070141 1120.121076
590.320229 1131.384615
590.570691 1128.274775
590.821441 1116.955357
591.072351 1108.685841
591.323249 1115.705357
591.573710 1111.822222
591.824331 1102.550661
592.074955 1115.035714
592.325171 1114.223214
592.575174 1125.337838
592.825437 1120.210762
593.075537 1107.845133
593.326565 1106.973451
593.577236 1112.826667
593.827983 1107.955752
594.078942 1116.553571
594.329398 1110.440000
594.579761 1111.426667
594.830341 1109.768889
595.080449 1128.923423
595.331533 1110.920000
595.581916 1112.111111
595.832714 1109.805310
596.083885 1122.103139
596.334290 1111.871111
596.585022 1111.502222
596.835629 1099.631579
597.086834 1113.564444
597.337609 1111.635556
597.588260 1111.515556
597.838782 1115.089286
598.088799 1109.933333
598.339215 1115.651786
598.589440 1108.826667
598.839533 1108.495575
599.090304 1109.933333
599.340659 1109.482301
599.591819 1110.231111
-----------------------------------
MEMD, exp1_memcached_out, 5387487.000000, 46.000000, 1111.865240, 98.813659, 1119.000000, 1309.000000, 1337.000000, 1396.000000, 7382.000000, 1116.247284, 676.124249
