0.000000 1648.097403
0.250981 2049.631148
0.501201 1961.795276
0.751551 1878.977612
1.002579 1141.438356
1.253120 1112.408889
1.503613 1114.669643
1.753914 1110.342222
2.004191 1120.215247
2.254302 1115.540179
2.504493 1112.231111
2.755207 1105.610619
3.005506 1119.008969
3.255602 1111.608889
3.506067 1111.248889
3.756469 1115.558036
4.006850 1113.231111
4.257745 1110.880000
4.508162 1116.508929
4.758613 1112.106667
5.009446 1108.703540
5.260146 1111.648889
5.510637 1105.327434
5.761063 1113.875556
6.011982 1115.316964
6.262379 1110.440000
6.512670 1113.542222
6.763648 1125.198198
7.013715 1114.959821
7.263733 1110.715556
7.514170 1110.671111
7.764507 1110.737778
8.014931 1115.919643
8.265292 1108.773333
8.515424 1118.816964
8.766199 1103.823009
9.016379 1107.991150
9.266952 1108.871681
9.518052 1112.391111
9.768618 4335.714286
10.019487 2664.525773
10.270349 2137.974359
10.520717 2120.559322
10.771077 1841.352941
11.021843 1424.022727
11.272889 1115.482143
11.523131 1105.446903
11.773430 1110.853333
12.023795 1112.244444
12.274373 1111.906667
12.525141 1115.227679
12.775248 1122.699552
13.026083 1117.013393
13.276782 1112.893333
13.527530 1114.651786
13.777732 1113.120000
14.028561 1114.133333
14.279588 1129.769231
14.529679 1115.883929
14.780239 1105.982301
15.030412 1113.633929
15.280429 1117.924107
15.531160 1116.919643
15.781968 1126.414414
16.032278 1120.591928
16.282774 1111.102222
16.532923 1113.106667
16.783834 1103.162996
17.034869 1108.969027
17.285996 1121.538117
17.536372 1116.388393
17.786947 1114.244444
18.037917 1117.339286
18.288561 1107.942478
18.539525 1117.183036
18.790288 1101.920705
19.040779 1107.296460
19.291518 1112.400000
19.542214 1112.791111
19.793019 1221.521951
20.043861 2001.588710
20.298628 3012.392857
20.554883 3166.294872
20.805436 2610.465347
21.056599 1383.972376
21.307553 1115.339286
21.557651 1110.346667
21.807818 1121.757848
22.058363 1113.883929
22.308491 1113.040000
22.559419 1111.711111
22.809794 1114.102679
23.059852 1106.756637
23.310394 1113.568889
23.561321 1114.642857
23.811437 1120.053812
24.061663 1111.182222
24.312154 1118.678571
24.563206 1115.794643
24.813397 1108.287611
25.064434 1104.674009
25.315593 1116.625000
25.566168 1107.800885
25.816804 1121.139013
26.067295 1115.495536
26.317549 1110.968889
26.568005 1108.544248
26.819091 1109.520000
27.069306 1107.327434
27.319878 1116.767857
27.570514 1116.861607
27.821296 1118.611607
28.072256 1113.533333
28.323103 1107.221239
28.573748 1109.355556
28.823883 1134.235294
29.074920 1111.648889
29.325492 1116.040179
29.575858 1121.022422
29.826538 3018.902439
30.077336 1963.782946
30.327757 2198.780702
30.583329 2122.650000
30.833491 1924.922481
31.085123 1479.549708
31.335515 1117.955357
31.586352 1120.044843
31.836518 1114.705357
32.086869 1112.955556
32.337599 1110.617778
32.587862 1114.388393
32.837927 1113.600000
33.088977 1109.791111
33.339099 1109.813333
33.589177 1121.107623
33.839644 1116.093750
34.090053 1112.844444
34.340982 1106.517699
34.591518 1111.293333
34.841813 1105.814159
35.092340 1107.455752
35.342992 1112.391111
35.593723 1113.431111
35.844713 1108.022124
36.095615 1113.751111
36.346440 1110.284444
36.596865 1109.533333
36.846900 1108.278761
37.097843 1112.404444
37.348354 1111.084444
37.598916 1117.955357
37.849799 1112.475556
38.100455 1107.977876
38.351198 1126.085586
38.601745 1112.235556
38.852416 1105.048673
39.102592 1111.826667
39.353083 1116.080357
39.603588 1111.737778
39.854260 1389.177778
40.104573 1703.517241
40.354840 2463.165049
40.605793 2550.591837
40.858817 3052.975904
41.109508 1617.464516
41.360525 1113.217778
41.611372 1116.584821
41.861693 1116.455357
42.112409 1120.807175
42.362858 1110.644444
42.613164 1112.200000
42.863805 1119.829596
43.113905 1105.712389
43.364247 1105.539823
43.614668 1117.816964
43.865460 1114.608889
44.116530 1114.107143
44.366541 1119.820628
44.616724 1117.352679
44.867458 1112.582222
45.118139 1103.118943
45.368965 1114.879464
45.619105 1111.386667
45.869626 1125.207207
46.120009 1115.848214
46.370198 1118.330357
46.621069 1109.404444
46.871153 1104.088496
47.121216 1117.656250
47.371940 1115.348214
47.622197 1104.290749
47.873354 1105.376106
48.123362 1112.142222
48.374195 1111.466667
48.624644 1107.159292
48.875293 1105.628319
49.125570 1120.946188
49.375884 1125.594595
49.626413 1114.910714
49.876687 1778.666667
50.127709 2139.085470
50.379565 2379.339623
50.632214 2622.244681
50.883516 2267.486726
51.134905 1374.612022
51.385499 1116.361607
51.636104 1113.342222
51.887063 1112.711111
52.137818 1113.680000
52.388717 1112.991111
52.639694 1111.906667
52.890239 1105.353982
53.140528 1112.484444
53.390985 1117.232143
53.642040 1112.528889
53.892868 1109.584071
54.143870 1111.422222
54.394453 1109.515556
54.644549 1107.473451
54.895330 1117.316964
55.146031 1110.186667
55.396162 1102.986784
55.646913 1120.251121
55.897152 1109.511111
56.147438 1119.403587
56.397449 1110.417778
56.647633 1105.672566
56.897909 1108.792035
57.148808 1114.428571
57.399123 1113.746667
57.650037 1117.803571
57.900823 1109.225664
58.151957 1116.232143
58.402335 1114.482143
58.652443 1110.337778
58.902723 1112.360000
59.153478 1113.120000
59.404324 1113.391111
59.655142 1109.013333
59.905290 1111.440000
60.155713 1105.389381
60.406037 1108.508850
60.656834 1110.048889
60.907169 1109.502222
61.157209 1110.364444
61.407489 1113.991111
61.658411 1103.770925
61.909474 1109.084071
62.160566 1106.371681
62.411052 1112.848889
62.661680 1112.373333
62.912704 1112.684444
63.163343 1097.785088
63.414021 1106.199115
63.664603 1127.540541
63.915345 1117.129464
64.165901 1112.626667
64.416643 1107.442478
64.667412 1109.358407
64.918652 1108.048673
65.169269 1105.911504
65.419687 1117.736607
65.670673 1110.715556
65.920923 1121.726457
66.171281 1113.128889
66.422415 1118.044643
66.673253 1112.328889
66.923885 1113.031111
67.174750 1108.420354
67.425775 1112.955556
67.676510 1109.142222
67.926581 1113.462222
68.177542 1117.433036
68.428354 1112.537778
68.678945 1109.207965
68.930228 1113.324444
69.181127 1114.497778
69.432161 1111.764444
69.682768 1109.204444
69.932849 1114.580357
70.182874 1123.394619
70.433810 1112.857778
70.684509 1111.857778
70.935036 1116.031250
71.185586 1104.299559
71.436869 1109.039823
71.687828 1113.324444
71.938722 1102.925110
72.189474 1106.526549
72.439969 1113.560000
72.690920 1113.772321
72.940988 1107.168142
73.191617 1110.702222
73.441991 1103.687225
73.692911 1116.272321
73.943314 1111.733333
74.193844 1107.553097
74.444669 1112.871111
74.695378 1111.497778
74.946034 1111.631111
75.196482 1113.950893
75.446510 1111.413333
75.697145 1111.013333
75.947253 1103.246696
76.198195 1107.314159
76.448746 1110.395556
76.699198 1110.742222
76.949635 1118.660714
77.200538 1124.125561
77.451688 1114.066667
77.702713 1113.137778
77.953489 1109.284444
78.203647 1108.597345
78.454644 1113.928889
78.705803 1104.625551
78.956824 1112.102222
79.207316 1118.470852
79.457491 1111.182222
79.707898 1109.035398
79.958903 7577.656250
80.244811 91841.333333
80.580917 170685.500000
81.172914 355606.000000
81.466209 293287.000000
81.800830 289312.500000
82.223348 5942.736111
82.473964 1134.550000
82.724059 1110.448889
82.974256 1125.621622
83.224605 1107.469027
83.475429 1105.991150
83.725785 1108.858407
83.976724 1116.093750
84.227264 1114.137778
84.478332 1116.334821
84.728795 1121.058296
84.979405 1113.964444
85.230303 1104.202643
85.481508 1114.444444
85.732524 1106.464602
85.983083 1117.504464
86.233823 1112.320000
86.484609 1111.546667
86.734928 1111.608889
86.985650 1110.622222
87.235845 1110.022222
87.486223 1109.314159
87.737372 1110.262222
87.987452 1112.875556
88.238123 1108.358407
88.489355 1115.669643
88.739618 1105.672566
88.989945 1111.053333
89.240373 1107.491150
89.491178 1120.860987
89.741330 1111.973333
89.992103 1113.888889
90.243213 16555.285714
90.517384 65306.333333
90.803734 168384.500000
91.287018 280461.000000
91.614554 327530.000000
91.933099 271740.000000
92.354986 205175.500000
92.670853 2102.862275
92.920909 1123.237668
93.172061 1125.414414
93.422285 1122.237668
93.673040 1115.937500
93.923198 1117.120536
94.173742 1119.174888
94.423832 1107.455752
94.674738 1107.084071
94.925486 1115.866071
95.175669 1111.537778
95.426320 1112.377778
95.677023 1111.608889
95.927718 1117.151786
96.177961 1116.848214
96.428594 1113.035556
96.679384 1107.756637
96.930254 1113.566964
97.180396 1113.840000
97.431488 1110.857778
97.681855 1104.951327
97.931980 1113.328889
98.182734 1111.182222
98.433154 1115.950893
98.683524 1105.955752
98.934028 1113.946667
99.184966 1122.327354
99.435833 1121.677130
99.686313 1103.643172
99.937313 1108.150442
100.188265 1120.757848
100.438617 1952.138614
100.704113 59373.000000
100.972994 128418.500000
101.349156 219975.000000
101.632455 283292.000000
101.983002 350538.000000
102.273622 290615.000000
102.533904 241145.500000
102.884255 2698.150000
103.135030 1129.502262
103.385211 1125.126126
103.635524 1131.552036
103.885864 1111.391111
104.136263 1117.321429
104.386937 1127.666667
104.637663 1113.133333
104.888635 1112.728889
105.139464 1123.022422
105.390252 1126.004505
105.640753 1112.466667
105.891458 1111.422222
106.141900 1105.933628
106.392326 1109.497778
106.642399 1114.555556
106.893572 1115.549107
107.143758 1116.254464
107.394336 1116.138393
107.644714 1112.306667
107.895387 1108.506667
108.145397 1100.154185
108.395520 1109.380531
108.646722 1119.044643
108.897764 1108.796460
109.148816 1114.106667
109.400014 1114.386667
109.651038 1114.102222
109.902162 1115.910714
110.152234 1110.066667
110.402770 1110.542222
110.653004 1119.883408
110.904451 10802.695652
111.166304 28806.444444
111.502244 141080.500000
111.904414 212302.000000
112.209490 305071.000000
112.616505 407010.000000
112.911655 247906.000000
113.226206 3521.223301
113.476264 1136.286364
113.726833 1111.120000
113.977441 1124.358744
114.228421 1118.616071
114.479624 1125.527027
114.729856 1113.088889
114.980611 1113.044444
115.231499 1111.337778
115.482020 1107.371681
115.732592 1108.654867
115.983882 1112.008889
116.234296 1113.648889
116.485433 1104.669604
116.736401 1112.391111
116.987246 1107.774336
117.237923 1112.662222
117.488804 1105.907080
117.739165 1107.429204
117.990053 1113.204444
118.240949 1113.946667
118.491813 1110.826667
118.742347 1108.061947
118.993128 1108.283186
119.243931 1114.214286
119.494182 1110.760000
119.744520 1106.747788
119.994851 1108.730088
120.246017 1113.991111
120.497099 1110.111111
120.747101 1107.898230
120.997969 1114.379464
121.248085 1933.100000
121.522282 41261.333333
121.783764 30771.375000
122.056380 102097.333333
122.558986 279601.000000
122.862093 303102.000000
123.148414 251751.000000
123.597532 67808.714286
123.851009 1268.800000
124.102024 1112.835556
124.352736 1119.264574
124.602774 1130.135747
124.852980 1123.210762
125.103827 1118.781250
125.354771 1117.857143
125.605726 1110.435556
125.855906 1118.677130
126.106010 1117.991071
126.356809 1111.426667
126.607185 1105.411504
126.857420 1109.595556
127.107787 1112.724444
127.358381 1114.781250
127.608511 1119.035714
127.859458 1112.831111
128.110308 1113.959821
128.360473 1108.977876
128.611478 1113.160000
128.862336 1109.328889
129.112411 1114.361607
129.362417 1112.435556
129.613056 1105.707965
129.863485 1109.234513
130.114611 1111.715556
130.365224 1112.142222
130.615736 1112.031111
130.866606 1106.176991
131.116831 1117.616071
131.367793 1116.303571
131.618227 1109.296460
131.869356 2161.447368
132.151033 49738.250000
132.402915 115247.500000
132.678977 167893.500000
133.084374 204244.000000
133.382636 298256.000000
133.683572 300929.000000
134.042168 358589.000000
134.364141 261553.500000
134.662942 2344.385135
134.914682 1126.443946
135.165447 1119.687500
135.416694 1133.751131
135.667644 1118.026786
135.918354 1119.340807
136.168522 1113.617778
136.419461 1115.901786
136.669658 1104.889381
136.920104 1105.597345
137.170267 1113.528889
137.421350 1118.156250
137.672035 1103.458150
137.923138 1109.247788
138.174089 1125.851351
138.424530 1118.500000
138.675630 1109.453333
138.925760 1111.231111
139.176199 1107.398230
139.426788 1116.022321
139.677173 1098.951754
139.928167 1119.896861
140.178289 1113.355556
140.429147 1113.902222
140.680358 1110.524444
140.930614 1113.960000
141.181696 1110.720000
141.431900 1109.395556
141.682021 1108.557522
141.932874 1110.884444
142.183356 1114.388393
142.433488 1115.589286
142.683774 1104.074890
142.934867 1113.444444
143.185586 1116.008929
143.436351 1118.919643
143.687249 1108.920354
143.938392 1119.748879
144.188525 1114.177778
144.439440 1114.058036
144.689576 1103.475771
144.940428 1111.137778
145.190750 1111.448889
145.441249 1114.352679
145.691474 1104.105727
145.942349 1111.555556
146.193074 1120.739910
146.443320 1113.102222
146.694470 1105.013274
146.944549 1116.477679
147.194894 1113.504464
147.444950 1117.450893
147.695623 4013.573770
147.948776 2148.806723
148.212687 2723.793814
148.465700 3293.974026
148.717911 1961.705426
148.971383 1375.940217
149.221504 1121.654709
149.472237 1120.219731
149.722460 1108.796460
149.973687 1121.641256
150.224252 1109.938053
150.475383 1120.977578
150.725824 1107.420354
150.976609 1115.767857
151.226824 1114.665179
151.476912 1115.142857
151.727384 1108.420354
151.978069 1109.031111
152.228138 1115.491071
152.478352 1115.348214
152.728773 1113.546667
152.979832 1113.862222
153.230563 1112.577778
153.481545 1117.375000
153.732044 1102.603524
153.983049 1111.706667
154.233528 1112.382222
154.484215 1118.031250
154.735245 1114.484444
154.986357 1109.840000
155.236540 1125.774775
155.486825 1116.709821
155.737440 1100.453744
155.987630 1112.262222
156.238244 1115.459821
156.488695 1116.950893
156.739284 1106.756637
156.989839 1113.213333
157.240768 1111.102222
157.491080 1113.517857
157.741150 1664.724138
157.997234 3395.038462
158.253935 3653.657143
158.505078 2201.053097
158.757288 1964.338462
159.008126 1585.356688
159.258200 1126.506726
159.509091 1115.986607
159.759393 1118.116071
160.010376 1113.391111
160.261321 1105.938053
160.511724 1113.657778
160.762764 1107.548673
161.013351 1109.515556
161.263646 1112.800000
161.514379 1110.062222
161.764611 1104.946903
162.014789 1111.928889
162.265299 1110.008889
162.515498 1118.263393
162.766436 1107.756637
163.017352 1109.132743
163.268289 1125.454955
163.518786 1116.745536
163.769410 1106.619469
164.019858 1114.986607
164.269999 1115.687500
164.520102 1116.522321
164.770944 1104.356828
165.022112 1104.277533
165.273173 1110.853333
165.523509 1117.571429
165.774276 1110.417778
166.024670 1112.777778
166.275511 1113.653333
166.526290 1118.852018
166.776448 1100.704846
167.026633 1108.986667
167.276649 1113.875556
167.527585 1118.459821
167.778633 1109.666667
168.028711 10828.086957
168.310728 2857.505051
168.560995 2650.836957
168.832474 2810.969697
169.083348 1459.982456
169.335152 1208.456731
169.585300 1122.753363
169.836107 1103.392070
170.086926 1109.595556
170.337129 1107.176991
170.587720 1115.196429
170.837796 1105.376106
171.088357 1114.497778
171.339326 1115.566964
171.589621 1115.620536
171.840144 1104.314159
172.090189 1113.897778
172.341223 1108.756637
172.592209 1114.375000
172.842254 1102.110132
173.092903 1109.185841
173.344109 1113.528889
173.594864 1120.143498
173.845028 1104.805310
174.095188 1115.754464
174.345679 1108.721239
174.596513 1113.271111
174.847609 1104.292035
175.097663 1108.818584
175.348603 1108.305310
175.599585 1114.088889
175.850682 1101.162996
176.100959 1118.834081
176.350991 1122.614350
176.601800 1121.237668
176.852232 1100.854626
177.102587 1117.526786
177.353168 1112.084444
177.603879 1118.879464
177.854838 1099.480176
178.105155 2562.216495
178.356902 2297.454545
178.609771 3429.575342
178.862146 2740.655914
179.112351 1859.533835
179.363209 1429.293785
179.613410 1123.322870
179.864106 1107.292035
180.114910 1114.093750
180.364981 1109.389381
180.616134 1114.513393
180.866138 1099.731278
181.116279 1114.785714
181.366323 1118.932735
181.616392 1114.071429
181.866497 1120.426009
182.116651 1114.388393
182.366703 1112.048889
182.617411 1111.497778
182.867868 1098.372807
183.118722 1105.367257
183.368855 1110.888889
183.619540 1113.871111
183.870532 1104.238938
184.120647 1117.111607
184.371282 1112.244444
184.621918 1114.754464
184.871965 1107.659292
185.122901 1110.897778
185.373221 1108.666667
185.623238 1115.973214
185.873425 1107.561947
186.124205 1110.644444
186.374508 1105.132743
186.624673 1122.242152
186.875535 1115.834821
187.126033 1119.897321
187.377161 1114.346667
187.628293 1112.920000
187.879093 1113.071111
188.130005 1184.161137
188.388479 4242.475410
188.639230 2065.066667
188.893799 3271.705128
189.144275 3288.131579
189.402309 1787.000000
189.655383 1275.597990
189.906481 1112.448889
190.157103 1129.175676
190.408090 1120.816143
190.658587 1116.107143
190.908870 1106.561947
191.159472 1117.794643
191.410224 1114.723214
191.660457 1122.860987
191.911044 1105.973451
192.161739 1113.702222
192.412528 1116.026786
192.663119 1114.665179
192.913131 1103.743363
193.163228 1118.107143
193.413938 1116.593750
193.664714 1119.035714
193.915693 1102.259912
194.166312 1111.582222
194.416873 1125.049550
194.667171 1120.125561
194.917355 1112.688889
195.168005 1118.522321
195.418923 1110.555556
195.669215 1110.693333
195.919827 1116.232143
196.170213 1116.223214
196.420679 1113.666667
196.671573 1114.754464
196.921972 1110.853333
197.172221 1112.386667
197.422889 1116.732143
197.673382 1123.328829
197.923426 1105.057522
198.173528 1104.409692
198.424547 1816.140741
198.681488 4608.888889
198.932045 4624.035088
199.182861 2214.858407
199.433410 1692.544218
199.685597 1409.088889
199.936456 1119.565022
200.186611 1115.040179
200.436748 1122.650224
200.687393 1120.470852
200.937858 1114.696429
201.187916 1109.200000
201.438100 1111.017778
201.688358 1119.497758
201.938574 1103.215859
202.189404 1107.938053
202.440194 1112.382222
202.691087 1117.803571
202.941896 1106.796460
203.192221 1114.169643
203.442372 1112.986667
203.693143 1116.625000
203.943711 1106.274336
204.194076 1113.866071
204.444149 1111.488889
204.694834 1116.138393
204.945391 1105.659292
205.195604 1117.111607
205.446413 1114.262222
205.697241 1116.638393
205.948192 1105.442478
206.198373 1124.743243
206.448413 1120.843049
206.698930 1114.475556
206.949966 1113.660714
207.199974 1111.084444
207.450414 1114.066964
207.700481 1114.333333
207.951622 1107.092920
208.202210 1109.146667
208.452309 1112.564444
208.702922 1113.706667
208.954020 1108.977876
209.204959 1115.200893
209.455569 1112.706667
209.706219 1108.070796
209.957072 1119.152466
210.207101 1116.919643
210.457711 1106.017699
210.708155 1114.830357
210.958270 1107.176991
211.208974 1107.672566
211.459656 1113.941964
211.709722 1111.733333
211.960280 1108.491150
212.211166 1122.919283
212.461939 1112.262222
212.712668 1120.372197
212.963120 1116.651786
213.213474 1104.659292
213.463833 1103.784141
213.714782 1112.248889
213.965210 1110.000000
214.215349 1110.937778
214.466010 1111.111111
214.716304 1109.293333
214.966396 1111.493333
215.217068 1111.875556
215.467717 1120.273543
215.717756 1108.968889
215.967814 1110.040000
216.217912 1111.111111
216.468361 1116.513393
216.718932 1114.415179
216.969092 1111.928889
217.219848 1109.671111
217.469942 1110.177778
217.720295 1114.840000
217.971575 1121.219731
218.221827 1116.303571
218.472281 1112.302222
218.722910 1114.174107
218.973107 1107.345133
219.223817 1105.765487
219.474181 1114.546667
219.725296 1113.817778
219.976298 1116.236607
220.226775 1111.195556
220.477250 1112.124444
220.727965 1111.311111
220.978402 1108.137168
221.229105 1108.460177
221.480231 1115.705357
221.730446 1113.217778
221.981530 1113.616071
222.231636 1106.871681
222.482035 1120.726457
222.732455 1116.352679
222.983047 1111.306667
223.233454 1110.484444
223.483887 1112.680000
223.734550 1111.804444
223.985171 1106.123894
224.235578 1112.813333
224.486411 1122.098655
224.737199 1120.134529
224.987233 1115.316964
225.237648 1114.897321
225.487839 1114.373333
225.738836 1112.408889
225.989492 1116.401786
226.240154 1108.000000
226.491075 1115.607143
226.741222 1111.484444
226.991955 1100.616740
227.242013 1109.986667
227.492399 1132.085973
227.742999 1113.080000
227.993873 1116.924107
228.244462 1116.834821
228.495166 1124.551570
228.746437 1120.143498
228.996585 1108.446903
229.247351 1107.500000
229.498262 1108.353982
229.748959 1117.017857
229.999860 1110.893333
230.250322 1106.247788
230.500586 1107.318584
230.751165 1117.968750
231.001971 1102.837004
231.252911 1102.308370
231.503626 1121.349776
231.754137 1119.281250
232.005267 1113.186667
232.256064 1102.215859
232.506649 1118.120536
232.757619 1111.248889
233.007972 1110.280000
233.258184 1103.224670
233.509109 1111.973333
233.759851 1117.486607
234.010740 1110.684444
234.260898 1106.008850
234.511502 1124.430493
234.762468 1114.879464
235.012598 1108.207965
235.263536 1106.623894
235.514046 1116.566964
235.764727 1108.703540
236.015671 1116.174107
236.266300 1120.475336
236.516521 1110.306667
236.766921 1114.528889
237.017940 1111.226667
237.268241 1110.960000
237.518829 1111.471111
237.769322 1114.955357
238.019359 1113.751111
238.270517 1111.648889
238.521004 1115.080357
238.771202 1111.351111
239.021699 1100.396476
239.271955 1120.125561
239.522195 1128.599099
239.773235 1115.540179
240.023327 1105.079646
240.273687 1116.125000
240.523978 1115.375000
240.774495 1110.657778
241.024618 1112.857778
241.275628 1110.217778
241.525749 1112.951111
241.776634 1114.311111
242.027673 1103.114537
242.278807 1112.271111
242.529246 1114.361607
242.779366 1118.245536
243.030139 1111.453333
243.280857 1107.407080
243.531432 1113.732143
243.781512 1111.684444
244.031858 1113.397321
244.281885 1121.197309
244.532271 1111.568889
244.782662 1107.137168
245.033507 1111.835556
245.283866 1114.165179
245.533947 1110.546667
245.784507 1115.299107
246.034784 1103.951542
246.285737 1114.473214
246.535868 1127.468468
246.786623 1113.533333
247.037516 1107.991150
247.288430 1112.640000
247.539030 1111.840000
247.789787 1119.385650
248.039814 1106.469027
248.290443 1106.119469
248.540739 1124.459459
248.790889 1113.613333
249.041688 1117.272321
249.292425 1105.500000
249.542706 1115.629464
249.792901 1113.522321
250.043036 1112.311111
250.293832 1107.849558
250.544377 1111.275556
250.794807 1115.334821
251.045109 1115.982143
251.295696 1105.393805
251.545883 1108.814159
251.796832 1110.964444
252.047395 1108.190265
252.298148 1100.942731
252.548476 1121.802691
252.799251 1115.745536
253.049444 1113.803571
253.299559 1105.216814
253.549637 1111.697778
253.800096 1113.763393
254.050154 1114.075556
254.301304 1108.132743
254.552129 1118.830357
254.803043 1113.577778
255.054051 1112.822222
255.304838 1111.893333
255.555470 1111.315556
255.805911 1113.368889
256.056895 1107.048673
256.307745 1111.115556
256.558057 1123.098655
256.808952 1108.495575
257.060058 1106.398230
257.310340 1108.528889
257.560396 1119.254464
257.811541 1117.080357
258.061969 1109.662222
258.312230 1105.977876
258.562610 1118.790179
258.813645 1113.426667
259.064708 1107.756637
259.315433 1109.320000
259.565643 1127.540541
259.815962 1108.182222
260.066051 1116.410714
260.316263 1112.306667
260.567124 1110.355556
260.817507 1112.413333
261.067923 1114.285714
261.318038 1110.991111
261.568480 1108.026549
261.819338 1115.482143
262.069623 1115.370536
262.320020 1109.635556
262.570022 1119.273543
262.820065 1114.513393
263.070156 1112.084444
263.320646 1123.306306
263.570856 1113.022222
263.821388 1111.782222
264.072162 1110.537778
264.322469 1104.384956
264.572541 1102.198238
264.822898 1111.537778
265.073650 1111.320000
265.323946 1113.195556
265.574957 1123.260090
265.825919 1112.951111
266.076811 1114.522321
266.326908 1099.140351
266.577843 1109.648889
266.827978 1119.286996
267.078082 1115.540179
267.328499 1109.172566
267.579523 1116.651786
267.829989 1111.911111
268.080788 1124.443946
268.331813 1106.039823
268.582169 1117.732143
268.833046 1119.654709
269.083164 1112.342222
269.333932 1113.497778
269.584929 1121.286996
269.835323 1116.598214
270.085909 1114.262222
270.336919 1103.700441
270.587908 1114.540179
270.838257 1114.977679
271.088393 1116.866071
271.339043 1106.070796
271.589333 1108.380531
271.840188 1114.504464
272.090327 1112.911111
272.341222 1109.504425
272.592359 1109.817778
272.842479 1106.946903
273.093122 1121.699552
273.343597 1112.768889
273.594434 1112.426667
273.845019 1115.093750
274.095378 1110.186667
274.345579 1107.132743
274.596063 1124.585586
274.846303 1118.607143
275.097431 1112.288889
275.348002 1094.310044
275.599009 1113.311111
275.849949 1110.022222
276.100181 1117.674107
276.350898 1104.982301
276.601066 1110.506667
276.851391 1107.876106
277.102225 1108.946903
277.353319 1104.149780
277.604318 1114.883929
277.854646 1113.182222
278.105249 1113.675556
278.356334 1105.539823
278.606642 1123.955157
278.857739 1110.542222
279.108037 1110.551111
279.358173 1110.751111
279.608587 1115.285714
279.858970 1112.884444
280.109714 1110.728889
280.359961 1109.973333
280.610378 1118.861607
280.861329 1117.191964
281.111884 1112.697778
281.362968 1112.493333
281.613594 1114.526786
281.863618 1111.800000
282.114005 1111.297778
282.364703 1098.048246
282.615429 1120.439462
282.865811 1117.160714
283.116487 1113.697778
283.367536 1099.517544
283.618645 1116.651786
283.869246 1115.781250
284.119424 1106.296460
284.369807 1102.709251
284.620700 1110.631111
284.871132 1111.337778
285.121633 1115.888393
285.371932 1108.898230
285.622996 1111.342222
285.873585 1110.275556
286.123953 1116.075893
286.374181 1101.845815
286.624779 1113.333333
286.875879 1117.441964
287.126402 1113.315556
287.377425 1101.405286
287.627924 1114.626667
287.878828 1115.258929
288.129364 1119.376682
288.379369 1100.334802
288.629462 1111.813333
288.880202 1108.269912
289.131138 1113.982222
289.382166 1101.819383
289.632640 1107.128319
289.883301 1111.208889
290.133860 1114.586667
290.385046 1107.539823
290.635936 1117.678571
290.886345 1108.247788
291.137412 1120.573991
291.387677 1105.902655
291.638145 1115.473214
291.888296 1117.714286
292.139055 1116.776786
292.389854 1129.072072
292.640741 1113.093333
292.891616 1101.317181
293.142279 1118.147321
293.393125 1103.123348
293.643756 1111.675556
293.894453 1107.261062
294.145158 1123.322870
294.395876 1099.176211
294.646128 1118.406250
294.896822 1114.968750
295.147191 1114.324444
295.398204 1110.164444
295.648625 1111.311111
295.899149 1110.217778
296.149308 1116.763393
296.399712 1118.121076
296.649760 1113.448889
296.900528 1106.340708
297.150761 1109.871111
297.401280 1107.672566
297.651967 1113.533333
297.903102 1110.315556
298.153257 1115.589286
298.403705 1105.659292
298.653758 1117.950893
298.904416 1112.920000
299.155616 1120.022422
299.405936 1103.616740
299.656551 1109.924444
299.906953 1116.888393
300.157437 1117.312500
300.408049 1095.570175
300.658391 1116.370536
300.908823 1105.575221
301.159211 1118.375000
301.410107 1112.733333
301.660845 1115.986607
301.911239 1113.480000
302.162196 1110.355556
302.412472 1107.429204
302.663326 1114.333333
302.914346 1113.520000
303.165317 1117.964286
303.415958 1108.613333
303.666200 1117.790179
303.916935 1109.013333
304.166954 1118.138393
304.418005 1108.526549
304.668759 1116.866071
304.919387 1110.035556
305.169563 1119.381166
305.419577 1106.022124
305.670095 1109.951111
305.920233 1120.860987
306.170562 1116.013393
306.420759 1100.678414
306.671081 1110.600000
306.921511 1106.641593
307.172185 1123.327354
307.422900 1105.522124
307.673433 1115.540179
307.923489 1113.732143
308.173651 1123.116592
308.424222 1106.977876
308.675005 1114.048889
308.926293 1123.914798
309.177296 1120.856502
309.427638 1109.221239
309.678643 1114.763393
309.928813 1112.302222
310.179304 1119.147982
310.429427 1100.088106
310.679723 1111.662222
310.930219 1116.093750
311.180354 1113.566964
311.430654 1107.818584
311.681258 1116.575893
311.931866 1118.522321
312.182801 1109.902222
312.432892 1099.885463
312.683140 1112.724444
312.933921 1104.431718
313.184836 1116.026786
313.435534 1102.114537
313.686228 1109.924444
313.936301 1107.535398
314.187013 1120.955157
314.437141 1106.654867
314.687754 1107.176991
314.938538 1116.540179
315.189078 1108.606195
315.440255 1118.040179
315.690985 1116.093750
315.941382 1115.031250
316.191713 1123.363229
316.442352 1104.650442
316.692668 1114.448889
316.943734 1117.352679
317.194511 1118.593750
317.445475 1103.321586
317.696426 1117.852679
317.947096 1108.951111
318.197160 1114.062222
318.448287 1104.765487
318.698315 1109.591111
318.948528 1113.960000
319.199392 1114.669643
319.449432 1104.637168
319.699623 1117.111607
319.950377 1107.734513
320.201126 1116.709821
320.451774 1112.417778
320.702345 1116.848214
320.953111 1112.888889
321.203869 1115.857143
321.454136 1099.524229
321.704184 1109.271111
321.954340 1114.200893
322.204386 1120.403587
322.454726 1109.460177
322.705549 1107.800885
322.956678 1111.960000
323.206991 1119.219731
323.457230 1109.377778
323.707302 1112.724444
323.958093 1117.946429
324.208931 1118.763393
324.460085 1102.700441
324.710638 1107.460177
324.961556 1117.316964
325.212198 1119.816143
325.462397 1103.933921
325.713206 1110.164444
325.963642 1116.700893
326.214261 1115.758929
326.464598 1111.928889
326.715078 1114.196429
326.965197 1113.364444
327.215888 1108.902222
327.466078 1102.986784
327.716753 1113.647321
327.966799 1117.803571
328.217457 1110.720000
328.467796 1113.919643
328.717809 1120.762332
328.968187 1112.306667
329.218719 1117.361607
329.469716 1103.872247
329.720744 1108.066372
329.971343 1117.080357
330.222239 1118.330357
330.473155 1106.809735
330.723640 1113.831111
330.974692 1114.133333
331.225989 1115.897321
331.476006 1100.242291
331.726387 1109.853333
331.976411 1111.697778
332.227011 1125.256757
332.477290 1108.318584
332.728284 1118.223214
332.978730 1111.986607
333.228789 1118.308036
333.479644 1106.402655
333.730223 1113.142222
333.981116 1104.259912
334.232346 1118.116071
334.483126 1106.119469
334.733601 1108.473451
334.984574 1120.807175
335.234924 1122.031390
335.485488 1104.570796
335.735632 1118.151786
335.986328 1117.718750
336.237334 1114.982143
336.487600 1114.337778
336.738500 1109.613333
336.988720 1110.222222
337.238949 1114.066964
337.488997 1107.800885
337.739770 1111.057778
337.990077 1110.160000
338.240333 1116.508929
338.490889 1105.323009
338.741086 1113.657778
338.992251 1117.526786
339.243040 1116.267857
339.493523 1108.938053
339.744597 1114.466667
339.995743 1123.188341
340.246649 1116.830357
340.497213 1102.259912
340.747927 1111.782222
340.998471 1109.191111
341.248492 1116.321429
341.498863 1100.687225
341.749281 1103.920705
342.000324 1110.702222
342.250736 1109.752212
342.501784 1113.857778
342.752664 1114.142857
343.002923 1108.951327
343.253705 1110.768889
343.504293 1102.911894
343.755093 1113.635556
344.006036 1110.697778
344.256400 1116.620536
344.506827 1106.876106
344.757409 1112.311111
345.008268 1110.235556
345.258491 1117.223214
345.509188 1110.195556
345.759541 1106.924779
346.010009 1110.520000
346.260393 1117.968750
346.511206 1115.629464
346.761376 1111.031111
347.011781 1110.035556
347.261913 1115.433036
347.512357 1101.806167
347.762927 1109.946667
348.013117 1125.063063
348.263199 1114.982143
348.513314 1108.566372
348.764338 1122.318386
349.015164 1112.702222
349.265939 1117.834821
349.516592 1109.791111
349.766919 1109.398230
350.017908 1112.933333
350.268726 1115.767857
350.519230 1109.124444
350.769333 1115.330357
351.019529 1118.888393
351.270439 1110.146667
351.520628 1107.752212
351.771577 1115.589286
352.021733 1116.272321
352.272306 1110.551111
352.522677 1104.533040
352.773841 1115.370536
353.024046 1113.675556
353.274962 1118.437500
353.526131 1118.964286
353.777148 1113.417778
354.028045 1119.290179
354.279023 1113.968750
354.529104 1102.872247
354.779761 1103.579646
355.029830 1114.115556
355.280958 1113.208889
355.531691 1107.637168
355.782666 1109.911111
356.032704 1115.575893
356.283057 1116.191964
356.533470 1106.530973
356.784051 1117.098214
357.034462 1111.844444
357.285289 1115.691964
357.535460 1113.582222
357.786693 1112.364444
358.037338 1111.431111
358.287677 1112.488889
358.538364 1110.173333
358.788609 1105.884956
359.039228 1119.312500
359.289835 1112.226667
359.540811 1101.453744
359.791441 1103.048458
360.042304 1118.928571
360.293197 1113.160000
360.544255 1101.528634
360.794588 1107.929204
361.045539 1105.880531
361.295681 1111.768889
361.546300 1113.647321
361.796368 1114.848214
362.046446 1116.455357
362.297123 1115.366071
362.547259 1107.884956
362.798171 1105.336283
363.048414 1111.844444
363.299005 1113.422222
363.549738 1108.159292
363.800775 1113.435556
364.051591 1109.711111
364.301923 1119.600897
364.551981 1107.451327
364.802634 1108.053097
365.053499 1110.173333
365.303633 1117.580357
365.554569 1106.362832
365.804966 1107.712389
366.055592 1117.937500
366.306562 1116.258929
366.556977 1102.916300
366.807765 1120.322870
367.058060 1113.053333
367.308887 1115.263393
367.559259 1110.133333
367.809302 1103.784141
368.060265 1110.053333
368.310670 1107.606195
368.561458 1108.221239
368.812261 1109.715556
369.062344 1114.580357
369.312412 1114.758929
369.562605 1110.751111
369.812930 1111.884444
370.063375 1102.859031
370.314319 1115.375000
370.564457 1113.515556
370.815756 1105.202643
371.066793 1114.111607
371.316939 1114.360000
371.568062 1106.438053
371.818611 1116.250000
372.069013 1109.309735
372.320199 1114.551111
372.571354 1107.548673
372.822010 1121.179372
373.072572 1117.522321
373.323262 1115.227679
373.573674 1116.991071
373.824236 1110.951111
374.074440 1109.928889
374.324712 1114.044444
374.575624 1106.721239
374.826399 1111.911111
375.076813 1117.651786
375.327748 1115.562500
375.577902 1109.693333
375.828133 1100.436123
376.078508 1118.638393
376.329283 1113.173333
376.580315 1106.008850
376.830791 1117.017857
377.081260 1114.013393
377.331332 1112.155556
377.581950 1112.266667
377.832800 1110.240000
378.083090 1115.915179
378.333368 1113.448889
378.584308 1106.402655
378.834879 1107.933628
379.085615 1112.080000
379.336271 1111.520000
379.586733 1116.468750
379.837382 1107.796460
380.088195 1117.937500
380.339004 1115.160714
380.589056 1106.216814
380.839701 1109.345133
381.090763 1114.325893
381.340860 1113.013333
381.591851 1104.929515
381.842889 1099.960352
382.093119 1109.200000
382.343145 1120.623318
382.593337 1112.431111
382.844147 1116.714286
383.094438 1107.623894
383.345365 1113.768889
383.596514 1113.204444
383.847327 1115.799107
384.097623 1108.641593
384.348794 1112.951111
384.599453 1115.611607
384.849778 1123.986486
385.100035 1110.493333
385.350187 1111.462222
385.600617 1106.172566
385.851044 1107.411504
386.101753 1115.116071
386.352052 1110.422222
386.602084 1109.511111
386.852254 1114.732143
387.102283 1116.169643
387.352764 1112.733333
387.603804 1115.660714
387.853838 1112.622222
388.104910 1116.660714
388.355183 1115.781250
388.605824 1115.941964
388.856155 1110.920000
389.106718 1114.808036
389.356726 1111.124444
389.607301 1111.848889
389.857661 1118.223214
390.108647 1113.133333
390.359593 1115.620536
390.609944 1110.408889
390.860103 1101.493392
391.110669 1115.468750
391.360967 1116.035714
391.611415 1110.102222
391.861550 1104.052863
392.112692 1113.413333
392.363460 1116.093750
392.614085 1118.281250
392.864814 1106.168142
393.115246 1110.728889
393.365579 1111.031111
393.616233 1106.584071
393.866589 1103.229075
394.117560 1118.508929
394.368414 1121.596413
394.619011 1117.459821
394.869817 1103.823789
395.120846 1121.838565
395.371216 1113.665179
395.621317 1118.232143
395.872253 1096.758772
396.122686 1116.316964
396.373044 1107.995575
396.624058 1111.408889
396.874504 1118.799107
397.125574 1109.278761
397.376596 1114.718750
397.626676 1110.097778
397.876753 1101.938326
398.127622 1110.000000
398.377790 1113.124444
398.628648 1106.977876
398.879114 1111.448889
399.129823 1109.610619
399.380774 1107.163717
399.631673 1108.292035
399.882518 1109.737778
400.132585 1115.361607
400.382746 1111.617778
400.633275 1112.822222
400.884351 1111.777778
401.134534 1110.960000
401.385358 1112.991111
401.635902 1112.533333
401.886741 1105.685841
402.136947 1115.044643
402.387422 1112.760000
402.637922 1112.600000
402.888949 1104.110619
403.139008 1108.230088
403.389861 1109.190265
403.640880 1113.285714
403.890974 1101.647577
404.141300 1105.230088
404.391578 1116.513393
404.642210 1109.318584
404.893315 1105.650442
405.143613 1112.355556
405.394209 1110.657778
405.644489 1122.977578
405.895444 1113.217778
406.146251 1114.156250
406.396350 1117.116071
406.646963 1103.493392
406.897901 1109.804444
407.148082 1109.053333
407.398083 1118.763393
407.649048 1119.165179
407.899856 1098.013158
408.150875 1111.875556
408.401576 1118.799107
408.652647 1111.564444
408.903114 1110.493333
409.153363 1115.812500
409.403683 1113.919643
409.653752 1116.522321
409.904119 1107.924779
410.155121 1107.845133
410.405853 1113.702222
410.656920 1119.834081
410.907031 1109.866667
411.157036 1111.355556
411.407518 1110.675556
411.657880 1106.256637
411.908285 1102.427313
412.159020 1110.724444
412.409399 1107.743363
412.660225 1115.357143
412.910379 1104.747788
413.160616 1110.426667
413.410714 1118.357143
413.661683 1107.300885
413.912377 1111.360000
414.162669 1113.142857
414.412931 1124.197309
414.663861 1120.017937
414.914191 1107.933628
415.164862 1105.840708
415.415284 1112.044444
415.665884 1110.573333
415.916020 1103.268722
416.167049 1106.845133
416.417559 1114.772321
416.667637 1121.278027
416.918038 1112.217778
417.168994 1113.337778
417.419819 1108.805310
417.670865 1120.071749
417.921024 1099.647577
418.171290 1114.915179
418.421454 1115.062500
418.671615 1116.160714
418.922172 1098.065789
419.172924 1116.200893
419.423267 1116.102679
419.673837 1111.968889
419.924318 1108.853333
420.174332 1110.115556
420.424430 1113.446429
420.674457 1121.143498
420.924674 1102.709251
421.175559 1107.924779
421.426290 1113.075556
421.677147 1114.950893
421.927353 1116.973214
422.177888 1113.741071
422.427971 1116.866071
422.678451 1111.275556
422.929041 1107.862832
423.179927 1114.446429
423.429964 1114.288889
423.681122 1112.004444
423.931739 1108.318584
424.182570 1115.383929
424.432784 1116.647321
424.683496 1114.444444
424.934378 1102.449339
425.185114 1110.542222
425.435627 1115.638393
425.685740 1111.106667
425.936277 1104.198238
426.187530 1117.089286
426.438084 1121.233184
426.688344 1114.058036
426.938390 1105.212389
427.188583 1120.179372
427.438997 1110.346667
427.689258 1119.241071
427.940514 1100.242291
428.190532 1105.588496
428.440883 1113.520000
428.691917 1122.399103
428.942534 1114.812500
429.192669 1108.526549
429.443478 1112.697778
429.694461 1113.080000
429.945298 1104.734513
430.195371 1106.929204
430.446001 1114.540179
430.696038 1116.267857
430.946777 1112.973333
431.197627 1108.588496
431.448496 1114.017857
431.698543 1124.313901
431.949668 1107.168142
432.200362 1116.218750
432.450841 1107.190265
432.701486 1114.504464
432.951632 1105.663717
433.201853 1116.312500
433.452192 1110.022222
433.702501 1117.223214
433.953130 1104.300885
434.203184 1117.214286
434.453903 1109.688889
434.703960 1118.218750
434.954945 1104.168142
435.204975 1111.444444
435.455420 1107.712389
435.706146 1113.204444
435.957020 1110.520000
436.207359 1111.417778
436.457791 1109.808889
436.708178 1110.484444
436.958368 1104.898230
437.208421 1111.835556
437.459159 1113.751111
437.710081 1117.750000
437.960866 1113.075556
438.211823 1120.959641
438.462180 1114.276786
438.712313 1115.696429
438.962469 1109.480000
439.212741 1107.964602
439.463591 1123.982063
439.714591 1116.174107
439.965044 1104.039823
440.215047 1114.392857
440.465085 1114.772321
440.715417 1128.432432
440.966265 1107.053097
441.216911 1108.777778
441.467056 1110.573333
441.717336 1115.464286
441.967552 1098.478070
442.218493 1102.259912
442.469215 1125.585586
442.719557 1123.031390
442.970409 1108.845133
443.221509 1117.915179
443.472390 1111.457778
443.722952 1113.786667
443.973920 1105.212389
444.223930 1109.742222
444.474306 1115.562500
444.724724 1109.648889
444.974784 1101.339207
445.225197 1113.250000
445.475270 1119.547085
445.725391 1119.303571
445.976586 1116.254464
446.226901 1115.450893
446.477192 1108.809735
446.728310 1115.254464
446.978621 1102.466960
447.229156 1109.431111
447.479294 1117.687500
447.730122 1116.727679
447.980801 1104.522124
448.230949 1109.101770
448.482084 1125.950450
448.732439 1122.085202
448.983056 1105.194690
449.233327 1114.008889
449.484449 1110.760000
449.734772 1117.473214
449.985377 1105.902655
450.235763 1112.137778
450.486585 1117.294643
450.737244 1114.875000
450.987391 1106.840708
451.237901 1103.092511
451.488871 1111.160000
451.739109 1112.750000
451.989131 1102.506608
452.239994 1109.362832
452.491041 1105.867257
452.741411 1121.143498
452.991672 1105.747788
453.242104 1109.888889
453.492355 1122.488789
453.743191 1110.844444
453.993614 1105.190265
454.243783 1108.495575
454.494784 1113.008889
454.745497 1115.736607
454.996091 1099.823789
455.246194 1110.413333
455.496431 1126.144144
455.746890 1117.678571
455.997482 1103.831858
456.247624 1115.013393
456.497694 1117.924107
456.748663 1118.107143
456.999375 1097.017544
457.250118 1110.142222
457.500461 1117.995536
457.751385 1119.263393
458.002415 1108.248889
458.252420 1113.853333
458.503407 1112.440000
458.754051 1118.732143
459.005031 1109.706667
459.255278 1115.441964
459.505588 1116.196429
459.756184 1104.374449
460.007218 1102.180617
460.257917 1114.522321
460.508080 1116.504464
460.758416 1109.177778
461.008654 1113.728889
461.259475 1105.734513
461.509985 1112.871111
461.760666 1105.185841
462.010919 1100.740088
462.261228 1109.462222
462.511371 1111.288889
462.762044 1109.355556
463.012097 1104.261062
463.262176 1110.115556
463.512417 1116.308036
463.762925 1115.562500
464.013159 1113.715556
464.264259 1112.697778
464.515119 1112.177778
464.765850 1118.535714
465.016769 1109.079646
465.267728 1114.450893
465.517933 1111.377778
465.768243 1115.750000
466.018595 1100.466960
466.269006 1109.022124
466.519951 1110.795556
466.770292 1122.304933
467.021155 1107.637168
467.271781 1118.075893
467.522792 1118.500000
467.773678 1112.400000
468.024443 1112.186667
468.275188 1114.232143
468.525360 1117.343750
468.776000 1118.071429
469.026922 1119.897321
469.277864 1112.266667
469.528472 1109.088889
469.778585 1109.568889
470.028688 1104.407080
470.278783 1108.526549
470.529753 1115.397321
470.779900 1114.937500
471.030339 1105.300885
471.280391 1111.426667
471.530843 1114.446429
471.781217 1112.151111
472.031792 1110.706667
472.282023 1107.146018
472.532794 1110.071111
472.782888 1110.448889
473.033300 1101.171806
473.283710 1104.548673
473.533719 1108.823009
473.784710 1113.933036
474.034768 1104.296460
474.284862 1107.955752
474.535679 1110.208889
474.785922 1116.790179
475.036508 1109.128319
475.287467 1116.678571
475.538199 1119.017857
475.789427 1113.546667
476.040431 1109.415929
476.291491 1117.928571
476.542239 1113.417778
476.793195 1109.937778
477.043428 1105.898230
477.293739 1111.333333
477.544334 1112.884444
477.794979 1114.709821
478.044994 1108.101770
478.296027 1104.690265
478.546213 1114.253333
478.797243 1111.302222
479.047748 1113.377778
479.298837 1111.106667
479.549373 1110.124444
479.799643 1117.839286
480.050203 1111.484444
480.300723 1111.168889
480.551383 1115.718750
480.801713 1116.214286
481.052071 1107.610619
481.302905 1108.880531
481.553889 1117.700893
481.804774 1113.035556
482.055661 1117.401786
482.306243 1113.604444
482.557384 1116.821429
482.808070 1113.671111
483.058790 1112.395556
483.309625 1122.672646
483.560248 1113.142222
483.811291 1114.375000
484.061564 1109.724444
484.311582 1108.668142
484.562647 1112.457778
484.813161 1115.575893
485.063645 1115.937500
485.313874 1102.735683
485.564879 1117.549107
485.815532 1115.214286
486.065843 1114.324444
486.316917 1111.275556
486.567356 1116.638393
486.818071 1117.004464
487.068629 1109.120000
487.318721 1119.914798
487.568772 1111.413333
487.819213 1114.723214
488.069411 1107.345133
488.320233 1100.546256
488.570509 1110.906667
488.820906 1111.591111
489.071460 1100.312775
489.321560 1103.837004
489.572494 1111.893333
489.823440 1115.281250
490.073604 1103.920705
490.324514 1108.557522
490.575653 1112.711111
490.826333 1113.435556
491.077432 1106.871681
491.328005 1114.834821
491.578229 1113.173333
491.828958 1112.782222
492.079999 1106.575221
492.330360 1118.013393
492.581328 1108.261062
492.832317 1109.622222
493.082434 1115.611607
493.332826 1123.780269
493.583564 1109.186667
493.833854 1113.240000
494.084591 1101.440529
494.335157 1108.721239
494.586215 1114.302222
494.837420 1113.804444
495.088380 1112.364444
495.339157 1107.566372
495.589930 1110.515556
495.840170 1112.280000
496.090834 1105.092920
496.340920 1107.991150
496.591814 1112.435556
496.842505 1114.705357
497.092780 1113.608889
497.343638 1129.352941
497.593787 1113.457778
497.844787 1114.683036
498.094969 1109.035556
498.344974 1129.343891
498.594983 1106.610619
498.845481 1112.835556
499.096231 1105.252212
499.346495 1110.515556
499.596815 1113.173333
499.847672 1112.937778
500.098721 1106.221239
500.348947 1099.233480
500.599132 1112.697778
500.849848 1119.269058
501.100025 1101.898678
501.350529 1106.353982
501.600975 1115.160714
501.851115 1114.607143
502.101383 1108.398230
502.352270 1116.022321
502.602737 1111.791111
502.853193 1117.410714
503.104071 1111.937778
503.354781 1114.080000
503.605922 1112.600000
503.856536 1111.577778
504.107142 1108.548673
504.358150 1105.367257
504.608635 1113.382222
504.859604 1111.151111
505.110029 1116.843750
505.360360 1114.776786
505.610698 1109.008889
505.860778 1111.222222
506.111419 1112.933333
506.362031 1106.977876
506.612818 1117.236607
506.863627 1115.607143
507.114126 1107.606195
507.364763 1111.866667
507.615541 1110.875556
507.865875 1111.875556
508.116503 1101.651982
508.366897 1113.155556
508.617738 1112.822222
508.868743 1109.355556
509.118855 1106.424779
509.369216 1111.813333
509.619849 1110.880000
509.870206 1117.727679
510.121259 1112.915556
510.371946 1108.506667
510.621975 1110.155556
510.872150 1109.657778
511.122458 1113.777778
511.373547 1108.154867
511.624369 1114.866071
511.874635 1117.674107
512.125292 1108.172566
512.376372 1108.703540
512.627283 1114.272321
512.877339 1117.754464
513.128197 1115.647321
513.378516 1100.110132
513.628849 1113.182222
513.879679 1121.345291
514.130346 1109.075556
514.380393 1107.123894
514.630914 1115.517857
514.881317 1112.751111
515.132007 1110.875556
515.382476 1122.762332
515.633108 1117.727679
515.884104 1114.013333
516.135291 1111.355556
516.385667 1096.675439
516.636319 1109.631111
516.886389 1112.386667
517.137275 1111.102222
517.387679 1105.451327
517.637884 1108.595556
517.887947 1112.844444
518.138465 1110.720000
518.389310 1107.221239
518.639603 1116.245536
518.890523 1116.397321
519.140774 1109.715556
519.390975 1109.044444
519.641165 1109.141593
519.892282 1113.608889
520.143295 1107.792035
520.394093 1099.493392
520.644134 1115.361607
520.894308 1120.457399
521.144574 1115.571429
521.394918 1111.933333
521.645768 1114.178571
521.895770 1118.616071
522.146849 1102.383260
522.397463 1109.306667
522.647608 1113.088889
522.898426 1112.742222
523.149347 1113.555556
523.400189 1105.960177
523.650593 1111.582222
523.901031 1112.746667
524.151756 1111.413333
524.402359 1106.446903
524.652831 1110.911111
524.903373 1111.075556
525.153848 1108.663717
525.404935 1116.750000
525.655441 1119.312500
525.906522 1110.680000
526.156703 1107.513274
526.407449 1110.751111
526.657990 1116.223214
526.908536 1113.093333
527.159347 1111.813333
527.410039 1107.668142
527.660772 1111.800000
527.911287 1115.566964
528.161522 1103.805310
528.411670 1107.960177
528.662521 1119.838565
528.912626 1108.154867
529.163572 1110.653333
529.413981 1106.597345
529.664514 1116.647321
529.914904 1111.844444
530.165671 1114.111111
530.416677 1108.570796
530.667594 1109.195556
530.917766 1116.593750
531.168346 1116.169643
531.418650 1102.735683
531.669583 1120.098655
531.919765 1115.955357
532.170272 1118.986607
532.421217 1096.859649
532.671743 1117.334821
532.922546 1122.143498
533.173097 1119.878924
533.423396 1097.421053
533.673932 1105.920354
533.924417 1118.946429
534.175507 1110.737778
534.425678 1101.933921
534.676517 1105.526549
534.926682 1110.657778
535.177154 1121.995516
535.427749 1110.093333
535.677922 1108.376106
535.928896 1114.709821
536.178941 1111.191111
536.429437 1105.831858
536.679774 1108.411504
536.930861 1112.484444
537.181636 1111.284444
537.432080 1112.035556
537.682633 1106.030973
537.933125 1106.929204
538.183728 1118.321429
538.434737 1106.393805
538.685190 1110.506667
538.935486 1111.871111
539.186221 1116.058036
539.436548 1120.336323
539.686675 1122.484305
539.937609 1115.040179
540.187734 1119.811659
540.437982 1113.622222
540.689017 1119.482143
540.940220 1125.869369
541.190341 1110.706667
541.440947 1116.526786
541.691447 1108.384956
541.942244 1113.328889
542.192969 1114.196429
542.443215 1107.407080
542.693921 1109.351111
542.944077 1111.595556
543.194561 1112.240000
543.445170 1105.805310
543.695789 1111.840000
543.946211 1110.231111
544.196547 1109.238938
544.447771 1111.240000
544.698206 1108.960177
544.949009 1120.349776
545.199541 1109.212389
545.450573 1108.813333
545.700631 1117.375000
545.951162 1112.924444
546.202248 1109.528889
546.452328 1109.097345
546.703225 1106.933628
546.953894 1109.884444
547.204212 1123.461883
547.455286 1106.964602
547.705814 1115.714286
547.956140 1110.355556
548.206412 1109.093333
548.456462 1102.898678
548.707155 1110.217778
548.957399 1106.840708
549.208191 1111.200000
549.458602 1113.177778
549.709395 1109.813333
549.959628 1113.821429
550.209659 1112.066667
550.460385 1103.528634
550.711289 1112.795556
550.962049 1111.515556
551.212586 1116.348214
551.463272 1114.208889
551.714168 1110.875556
551.964680 1115.147321
552.214938 1108.500000
552.465826 1107.920354
552.716653 1107.367257
552.967440 1127.671171
553.217994 1114.370536
553.468154 1109.035556
553.718304 1110.608889
553.968593 1113.866667
554.219767 1106.464602
554.469916 1094.118421
554.719965 1104.716814
554.970050 1113.919643
555.220156 1120.973094
555.470578 1108.977876
555.721768 1118.227679
555.972692 1108.632743
556.223624 1116.343750
556.473863 1109.053333
556.724071 1103.924779
556.974093 1111.022222
557.224194 1105.685841
557.474712 1102.731278
557.725368 1113.803571
557.975481 1119.026786
558.226405 1113.502222
558.477529 1106.097345
558.727902 1118.455357
558.978728 1110.075556
559.228956 1114.031250
559.479030 1102.440529
559.729793 1102.740088
559.980555 1109.444444
560.230646 1110.066667
560.480789 1115.540179
560.731257 1119.321429
560.982213 1107.101770
561.232710 1105.557522
561.483378 1105.053097
561.733516 1117.513393
561.984233 1111.284444
562.234579 1117.830357
562.485517 1111.720000
562.735888 1119.659193
562.986145 1108.508850
563.237030 1116.830357
563.487584 1117.174107
563.738467 1121.569507
563.988780 1111.871111
564.239441 1113.693333
564.490465 1100.907489
564.741092 1114.433036
564.991134 1120.901345
565.241410 1113.813333
565.492496 1098.206140
565.743108 1111.560000
565.993839 1113.346667
566.244630 1109.848889
566.495007 1108.588496
566.746102 1108.168142
566.996774 1112.924444
567.247722 1108.809735
567.498723 1097.855263
567.749450 1118.366071
568.000348 1117.272321
568.251039 1111.577778
568.501765 1098.333333
568.752711 1114.088889
569.003809 1117.633929
569.254632 1111.640000
569.504978 1110.617778
569.755406 1111.742222
570.005995 1114.276786
570.256255 1112.320000
570.506907 1120.968610
570.757182 1109.991111
571.007492 1119.578475
571.257527 1114.040179
571.507736 1102.995595
571.758634 1115.174107
572.008744 1110.266667
572.258752 1110.382222
572.509220 1110.248889
572.759329 1112.933333
573.010336 1113.804444
573.261421 1116.683036
573.511818 1108.207965
573.762644 1109.613333
574.013047 1117.151786
574.263579 1123.076233
574.514404 1106.818584
574.765193 1113.613333
575.016150 1109.256637
575.267281 1114.422222
575.518433 1101.497797
575.768947 1123.143498
576.019857 1123.717489
576.270801 1116.196429
576.521364 1098.574561
576.772322 1110.760000
577.022698 1114.013333
577.273765 1118.665179
577.524706 1104.871681
577.775080 1105.362832
578.025214 1113.773333
578.276291 1111.400000
578.526902 1113.235556
578.777519 1122.735426
579.028608 1115.946429
579.278850 1118.638393
579.529961 1103.264317
579.780782 1111.804444
580.031413 1123.582960
580.282366 1114.053571
580.532566 1113.942222
580.783557 1103.660793
581.034507 1117.446429
581.285306 1112.684444
581.536163 1106.376106
581.786603 1115.508929
582.037009 1121.443946
582.287565 1116.325893
582.537979 1115.125000
582.788008 1121.085202
583.038683 1113.253333
583.289410 1110.284444
583.539855 1102.828194
583.790528 1107.030973
584.041492 1114.595556
584.292567 1109.471111
584.542663 1107.823009
584.793365 1104.942478
585.043698 1115.120536
585.293824 1122.699552
585.544622 1104.383260
585.795557 1106.725664
586.046378 1115.366071
586.296492 1102.233480
586.547278 1116.714286
586.797721 1122.067265
587.048510 1112.071111
587.299134 1116.004464
587.549352 1103.792035
587.799462 1109.920000
588.049614 1112.040000
588.300303 1115.750000
588.550548 1103.022026
588.801462 1109.635556
589.051516 1116.955357
589.302227 1105.818584
589.552653 1106.504425
589.803148 1104.427313
590.054088 1108.694690
590.305246 1125.198198
590.555280 1101.158590
590.805992 1112.777778
591.056682 1110.217778
591.306831 1118.165179
591.557761 1101.202643
591.808369 1105.309735
592.058374 1117.558036
592.309154 1106.278761
592.559770 1101.422907
592.810142 1110.817778
593.060556 1123.390135
593.311612 1111.311111
593.561942 1101.709251
593.812770 1111.577778
594.063085 1117.691964
594.313918 1117.156250
594.564466 1108.862222
594.814605 1111.275556
595.064879 1111.355556
595.315491 1115.986607
595.565865 1101.462555
595.816299 1107.495575
596.067022 1104.588496
596.317101 1118.334821
596.568214 1105.292035
596.818310 1110.524444
597.068433 1109.924444
597.318804 1113.048889
597.569756 1105.123894
597.819872 1119.591928
598.069962 1111.702222
598.320463 1110.182222
598.570729 1103.660793
598.821866 1108.579646
599.072777 1114.290179
599.322790 1113.520000
599.573492 1108.044444
599.823673 1158.421400
-----------------------------------
MEMD, exp2_memcached_out, 5178417.000000, 44.000000, 1156.869406, 2483.303075, 1122.000000, 1323.000000, 7453.000000, 92302.792000, 415171.000000, 2739.551058, 2583.873642
