0.000000 1463.258621
0.250772 1908.265152
0.501573 1953.179688
0.751978 1840.345588
1.002344 1658.688742
1.253074 1109.271111
1.503140 1112.728889
1.753952 1109.271111
2.004037 1108.977876
2.255117 1107.584071
2.505889 1114.551111
2.756936 1115.062500
3.007136 1111.271111
3.257698 1113.902222
3.508447 1104.986726
3.758902 1110.582222
4.009060 1112.466667
4.259824 1107.048673
4.510232 1110.293333
4.760807 1113.755556
5.011635 1114.026667
5.262840 1109.845133
5.513761 1119.367713
5.764093 1117.156250
6.014579 1109.137168
6.265819 1119.571429
6.516788 1111.977778
6.767497 1108.132743
7.018216 1113.767857
7.268321 1114.433036
7.518353 1108.407080
7.769249 1113.382222
8.020388 1113.351111
8.271278 1111.604444
8.521767 1115.316964
8.771772 1117.645740
9.021829 1115.491071
9.271867 1115.455357
9.522269 1108.199115
9.773058 1110.337778
10.023527 1431.829268
10.274431 2473.103774
10.529583 1792.797203
10.783820 1848.633094
11.034741 1999.704000
11.286329 3809.530303
11.536422 1133.800905
11.787586 1110.142222
12.037875 1109.340708
12.288997 1110.013333
12.539177 1110.222222
12.789403 1113.457778
13.040264 1109.280000
13.290321 1107.946903
13.540930 1108.137168
13.791846 1108.176991
14.042813 1109.702222
14.292846 1113.555556
14.543907 1108.849558
14.794933 1110.675556
15.045164 1108.653333
15.295169 1115.879464
15.545525 1110.626667
15.795687 1114.549107
16.045812 1114.000000
16.296913 1113.648889
16.548043 1109.017699
16.798906 1102.004405
17.049471 1107.907080
17.300361 1111.764444
17.551100 1108.225664
17.801702 1107.615044
18.052468 1110.640000
18.302915 1108.666667
18.552918 1123.717489
18.803641 1115.553571
19.054162 1111.422222
19.304706 1111.346667
19.555268 1108.238938
19.805977 1115.834821
20.056556 1114.071111
20.307565 3047.387500
20.559503 2631.391753
20.814988 2318.315315
21.072407 1769.671233
21.323155 2054.663866
21.577402 1512.773256
21.828534 1113.240000
22.079223 1110.862222
22.329795 1108.566372
22.580788 1113.728889
22.831799 1111.400000
23.082166 1106.668142
23.332821 1110.146667
23.583220 1111.693333
23.833781 1116.892857
24.084352 1108.849558
24.335393 1108.641593
24.586412 1112.511111
24.837140 1115.383929
25.087554 1118.892377
25.337578 1112.706667
25.588261 1115.834821
25.838576 1108.553097
26.089646 1108.711111
26.339684 1112.097778
26.589980 1108.035398
26.841029 1114.691964
27.091234 1113.368889
27.342246 1115.415179
27.592415 1111.493333
27.843119 1119.022321
28.093724 1107.938053
28.344779 1111.137778
28.595230 1114.236607
28.845362 1110.115556
29.095499 1113.795556
29.346627 1107.508850
29.597444 1110.368889
29.847729 1110.888889
30.098108 1113.937778
30.349251 1248.686869
30.606586 3720.971429
30.865535 1957.900763
31.118784 2256.884956
31.369265 1801.949275
31.621357 2035.162602
31.871961 1157.488584
32.123018 1115.111607
32.373084 1111.866667
32.623737 1113.174107
32.873762 1107.561947
33.124505 1112.804444
33.375272 1113.644444
33.626274 1113.217778
33.877060 1103.387665
34.128081 1111.040000
34.378433 1109.915556
34.628547 1118.049107
34.879510 1107.349558
35.130293 1113.644444
35.381173 1109.808889
35.631401 1115.928571
35.881691 1101.550661
36.132150 1108.666667
36.382170 1114.022222
36.633063 1117.450893
36.883798 1110.053333
37.133852 1114.272321
37.383943 1112.337778
37.634614 1116.348214
37.885188 1106.756637
38.135640 1113.977778
38.386794 1110.991111
38.637159 1113.120000
38.888011 1108.986726
39.139181 1111.857778
39.389752 1114.080000
39.640742 1119.596413
39.890940 1103.938326
40.141952 1116.879464
40.392576 1114.031250
40.642610 2207.814159
40.899938 1813.816901
41.150116 1594.159236
41.400435 1839.570370
41.653835 2292.963964
41.908464 2429.038095
42.159273 1111.186667
42.409618 1107.995575
42.660432 1119.345291
42.910546 1100.207048
43.160636 1113.803571
43.410667 1115.683036
43.661077 1116.138393
43.911447 1110.177778
44.161754 1113.702222
44.412685 1111.844444
44.663250 1120.152466
44.913555 1117.683036
45.164322 1106.889381
45.414873 1108.482301
45.665827 1109.075221
45.916907 1113.760000
46.167892 1101.801762
46.418480 1108.128319
46.669315 1120.457399
46.919666 1108.469027
47.170468 1110.884444
47.420923 1115.415179
47.671029 1112.937778
47.921959 1101.502203
48.172365 1110.484444
48.422689 1110.808889
48.673072 1117.562500
48.923740 1099.180617
49.173829 1113.515556
49.424781 1114.558036
49.674790 1126.743243
49.925485 1111.502222
50.175800 1110.702222
50.426126 1113.776786
50.676146 1115.897321
50.926605 3825.061538
51.182146 1644.238710
51.433230 1953.742188
51.683873 2110.091667
51.937092 2350.129630
52.188290 1488.797619
52.438642 1105.004425
52.688857 1111.200000
52.939236 1116.910714
53.189754 1107.292035
53.440512 1108.309735
53.691517 1119.232143
53.942569 1103.969027
54.192595 1118.375000
54.443490 1113.573333
54.694540 1114.968889
54.945549 1104.566372
55.195637 1116.575893
55.446213 1111.853333
55.696818 1122.237668
55.947352 1105.539823
56.197610 1111.484444
56.448396 1112.573333
56.699014 1125.513514
56.949394 1107.429204
57.200057 1110.862222
57.450330 1114.227679
57.700414 1121.313901
57.950816 1110.133333
58.200937 1111.160000
58.451272 1114.602679
58.701599 1133.375566
58.952482 1100.616740
59.202662 1111.586667
59.453198 1109.471111
59.703256 1119.982063
59.953443 1105.721239
60.203674 1115.080357
60.453776 1109.577778
60.703992 1121.443946
60.954530 1108.924779
61.205586 1109.146018
61.456599 1112.395556
61.707202 1129.212670
61.957255 1099.414097
62.207408 1109.707965
62.458665 1115.022321
62.708669 1121.358744
62.959131 1097.201754
63.209829 1116.312500
63.460270 1120.650224
63.710439 1121.901345
63.961104 1107.486726
64.211550 1114.906250
64.462131 1113.435556
64.712880 1127.184685
64.963646 1108.893805
65.214495 1111.048889
65.464997 1112.355556
65.715642 1121.085202
65.966114 1115.236607
66.216405 1111.626667
66.467075 1110.960000
66.717374 1125.581081
66.967477 1105.566372
67.217946 1109.800000
67.468013 1111.920000
67.718513 1119.632287
67.968553 1102.185022
68.219260 1111.902222
68.469937 1111.102222
68.720168 1118.187500
68.971073 1109.617778
69.221124 1111.640000
69.471749 1111.577778
69.722280 1125.608108
69.972695 1111.977778
70.223151 1112.235556
70.473971 1106.836283
70.724436 1119.901345
70.974493 1101.925110
71.225137 1108.515556
71.475189 1116.910714
71.725722 1132.352941
71.976272 1101.726872
72.226919 1110.466667
72.477002 1110.542222
72.727554 1119.357143
72.978547 1102.995595
73.229461 1111.871111
73.479972 1111.511111
73.730560 1119.699552
73.980712 1107.730088
74.231427 1104.495575
74.481704 1108.699115
74.732386 1121.107623
74.982833 1101.140969
75.233487 1112.817778
75.484173 1117.004464
75.734748 1124.197309
75.985784 1105.331858
76.236152 1113.080000
76.486894 1109.866667
76.736934 1121.556054
76.987487 1106.685841
77.238227 1112.364444
77.488887 1115.441964
77.738977 1123.089686
77.989862 1100.704846
78.240318 1109.269912
78.491460 1114.656250
78.741568 1128.909910
78.992593 1117.013393
79.243204 1107.398230
79.493769 1109.857778
79.743870 1117.892857
79.994622 1112.613333
80.245647 1108.814159
80.496402 1114.544643
80.746630 1123.116592
80.997553 1482.017751
81.272760 49548.800000
81.530392 52131.250000
81.796357 90730.000000
82.079793 110997.666667
82.392664 100772.666667
82.798854 145062.666667
83.276455 214364.500000
83.678150 50286.222222
83.928807 1179.547170
84.179287 1116.165179
84.429632 1125.770270
84.679918 1106.814159
84.930521 1103.502203
85.181363 1113.466667
85.432401 1115.325893
85.682672 1110.440000
85.932746 1110.773333
86.183129 1106.915929
86.433928 1114.177778
86.684773 1111.373333
86.935456 1125.225225
87.185618 1104.924779
87.435814 1106.747788
87.686414 1112.631111
87.936929 1117.441964
88.187480 1122.215247
88.438394 1107.066372
88.689126 1106.584071
88.939625 1112.844444
89.190556 1129.720721
89.441544 1113.515556
89.692660 1113.951111
89.943704 1110.155556
90.193939 1102.933921
90.444630 1118.218750
90.695659 1109.323009
90.946672 1107.862832
91.197571 1109.415929
91.448792 1115.017857
91.698910 1110.400000
91.949018 1108.163717
92.199951 1116.816964
92.450538 1917.592308
92.716306 21316.500000
92.982311 45367.333333
93.304543 92351.666667
93.596245 77113.000000
93.910363 174536.500000
94.277936 188296.000000
94.646195 206796.000000
95.059351 138740.333333
95.341823 2014.657718
95.592592 1126.436937
95.842994 1119.170404
96.093067 1117.839286
96.343895 1123.739910
96.594950 1114.058036
96.845045 1115.861607
97.095170 1110.391111
97.345342 1109.226667
97.595598 1110.168889
97.845640 1107.575221
98.096339 1107.805310
98.347368 1106.464602
98.597921 1110.755556
98.848181 1110.800000
99.098371 1106.137168
99.348777 1110.146667
99.599142 1108.517699
99.850024 1111.324444
100.100284 1112.648889
100.351137 1129.411765
100.601385 1111.457778
100.851641 1107.893805
101.102600 1106.278761
101.352924 1103.074890
101.603896 1109.097345
101.855057 1112.711111
102.105679 1103.955947
102.356791 1118.982143
102.607638 1113.217778
102.858396 1107.168142
103.109143 1109.008889
103.359185 1113.959821
103.609342 1109.248889
103.859393 1111.964444
104.109918 1485.463415
104.370118 10754.043478
104.620430 5328.478261
104.893680 54370.000000
105.257987 142860.500000
105.531035 119883.333333
105.878801 102380.333333
106.204359 143754.500000
106.480226 95741.333333
106.777820 125460.333333
107.064259 1939.953642
107.315316 1120.748879
107.565701 1117.388393
107.816341 1119.044643
108.067583 1110.480000
108.317875 1114.271111
108.568737 1113.004464
108.818770 1115.013393
109.068848 1130.841629
109.319270 1106.730088
109.569801 1112.711111
109.820528 1111.902222
110.071093 1115.642857
110.321523 1114.973214
110.571836 1109.504425
110.822874 1110.244444
111.073061 1111.444444
111.323759 1124.421525
111.574756 1125.234234
111.824943 1107.867257
112.075705 1111.533333
112.326231 1109.604444
112.576408 1111.088889
112.826894 1113.640000
113.077744 1102.083700
113.328440 1112.395556
113.579132 1104.070485
113.830268 1112.191111
114.080734 1112.248889
114.331630 1112.493333
114.582104 1110.248889
114.832526 1115.107143
115.082673 1114.883929
115.333009 1107.699115
115.583738 1109.675556
115.833872 1115.111607
116.083989 1110.977778
116.334668 5312.978723
116.585969 10253.875000
116.843074 32398.000000
117.104623 36858.875000
117.358320 11319.523810
117.608471 40526.333333
117.889183 94634.333333
118.271029 171345.500000
118.646687 168238.500000
118.933725 139316.500000
119.216640 8532.326087
119.467393 1133.718182
119.717500 1123.560538
119.968197 1114.848214
120.218325 1111.791111
120.469005 1101.775330
120.719602 1112.311111
120.970254 1108.646018
121.221031 1101.687225
121.471469 1113.290179
121.721489 1113.502222
121.972544 1117.683036
122.223214 1112.257778
122.473913 1112.497778
122.724449 1114.736607
122.974704 1114.048889
123.225734 1110.844444
123.475966 1106.778761
123.726713 1114.462222
123.977877 1113.906667
124.228848 1104.738938
124.479045 1101.850220
124.729464 1111.955556
124.980205 1118.977679
125.231211 1108.287611
125.482216 1099.524229
125.732264 1110.426667
125.982504 1116.727679
126.232822 1107.053097
126.483715 1108.061947
126.734542 1110.382222
126.984813 1112.888889
127.235452 1110.031111
127.485823 1109.442478
127.736655 1103.349558
127.986705 1119.254464
128.237554 1109.288889
128.487772 7658.200000
128.780795 48474.000000
129.094349 99066.000000
129.350974 33112.750000
129.635185 67713.750000
129.898353 27570.000000
130.156376 65993.666667
130.417858 109512.000000
130.705158 78093.666667
130.975661 47770.142857
131.253330 16844.117647
131.517389 1802.791946
131.767852 1122.026906
132.018376 1115.357143
132.268732 1114.272321
132.518840 1112.275556
132.769437 1126.036036
133.019889 1106.796460
133.270271 1100.334802
133.520577 1108.331858
133.771485 1107.853982
134.022247 1103.603524
134.273138 1108.760000
134.523153 1110.253333
134.773517 1120.103139
135.023736 1106.473451
135.274214 1116.370536
135.524677 1116.428571
135.775307 1111.231111
136.025619 1107.247788
136.276269 1108.146018
136.527133 1123.846847
136.777183 1115.629464
137.027412 1105.336283
137.277485 1110.262222
137.527912 1115.593750
137.777985 1107.110619
138.028994 1109.398230
138.279937 1112.062222
138.530508 1113.116071
138.780519 1113.835556
139.031741 1112.546667
139.282158 1110.235556
139.532687 1119.066964
139.783575 1119.367713
140.033685 1105.079646
140.283940 1113.680000
140.535069 1121.013453
140.785429 1108.553097
141.036465 1282.484375
141.293680 30215.875000
141.574739 67712.333333
141.831106 97295.333333
142.108144 65042.600000
142.384411 48529.200000
142.665728 88409.000000
142.962880 93654.333333
143.222075 68143.750000
143.509617 37376.000000
143.780444 69765.500000
144.127891 66668.000000
144.398008 1890.761290
144.649047 1120.789238
144.899364 1114.116071
145.149374 1109.977778
145.399532 1109.800000
145.649783 1109.217778
145.899869 1112.355556
146.150500 1114.191964
146.400631 1115.441964
146.650631 1109.804444
146.901034 1108.371681
147.151875 1107.796460
147.402731 1117.392857
147.653719 1108.420354
147.904459 1112.351111
148.155233 1111.306667
148.405787 1102.991189
148.656561 1110.613333
148.906890 1111.968889
149.157393 1113.631111
149.408350 1126.864865
149.659112 1112.164444
149.909733 1107.517699
150.160277 1107.451327
150.411236 1114.785714
150.661385 1117.656250
150.911909 1109.626667
151.162131 1104.154867
151.412308 1121.618834
151.662760 1109.070796
151.913917 1119.178571
152.164957 1109.404444
152.414959 1106.951327
152.665597 1109.342222
152.915733 1109.035398
153.166655 1108.520000
153.416737 1117.651786
153.667576 1112.666667
153.918320 1107.048673
154.168875 1104.699115
154.418961 1116.098214
154.669682 1117.049107
154.920189 1114.000000
155.171323 1112.075556
155.421911 1122.340807
155.672598 1116.848214
155.923226 1118.339286
156.174073 1103.422907
156.425051 1125.009009
156.675264 1109.628319
156.926163 1106.986726
157.176854 1105.199115
157.426935 1107.933628
157.677869 1116.508929
157.928408 1112.253333
158.178988 1099.964758
158.429351 1112.537778
158.679965 1107.150442
158.930493 1287.052083
159.182926 3056.175676
159.440121 51785.000000
159.700533 2448.598291
159.955069 1921.571429
160.207588 1388.779006
160.457722 1122.206278
160.708357 1115.183036
160.958792 1113.684444
161.209447 1103.610619
161.459462 1118.294643
161.710460 1109.924444
161.960631 1110.613333
162.210964 1103.907489
162.462013 1118.946429
162.713011 1116.718750
162.963456 1117.705357
163.214179 1115.089286
163.464460 1120.430493
163.714713 1108.199115
163.965716 1110.195556
164.215879 1098.149123
164.466790 1127.157658
164.717183 1116.169643
164.967691 1106.973451
165.218326 1108.553097
165.469336 1128.328829
165.720069 1109.946667
165.970499 1120.152466
166.220663 1111.502222
166.471229 1121.654709
166.721825 1107.535398
166.972428 1112.142222
167.223040 1107.654867
167.473774 1112.844444
167.724492 1112.600000
167.975468 1119.618834
168.225519 1099.453744
168.475714 1111.733333
168.726045 1113.675556
168.977318 1108.256637
169.227990 1099.149780
169.478141 2213.656863
169.744403 3201.588889
169.995522 5025.541667
170.249783 2734.319588
170.503998 1772.000000
170.754470 1364.688525
171.004577 1123.843049
171.255724 1104.526549
171.505780 1118.361607
171.756524 1112.262222
172.007451 1111.284444
172.257955 1106.522124
172.508317 1123.982063
172.759617 1116.022321
173.009850 1110.515556
173.260049 1103.792952
173.511158 1107.415929
173.761680 1116.799107
174.012241 1107.871681
174.263222 1120.914798
174.513674 1114.106667
174.764816 1109.553097
175.015980 1110.408889
175.266236 1106.442478
175.516808 1117.441964
175.767484 1113.511111
176.018296 1114.147321
176.268451 1115.330357
176.518608 1126.824324
176.769106 1122.789238
177.019973 1113.471111
177.270950 1107.367257
177.521546 1110.893333
177.772040 1115.861607
178.022572 1108.690265
178.273458 1105.340708
178.523647 1120.977578
178.773920 1110.288889
179.024454 1109.464602
179.275244 1112.897778
179.526234 1114.196429
179.776254 1112.226667
180.026995 2663.225806
180.290898 1764.700000
180.543002 5811.883721
180.801202 2402.018519
181.055880 2423.084906
181.312989 1450.090395
181.563546 1131.538462
181.814016 1110.755556
182.064167 1116.437500
182.314872 1101.374449
182.565377 1104.348018
182.816521 1117.727679
183.067132 1113.751111
183.318421 1103.938326
183.569363 1108.088496
183.819955 1113.691964
184.070077 1111.355556
184.320236 1111.391111
184.570941 1123.591928
184.821901 1111.146667
185.072510 1104.352423
185.323669 1105.960177
185.574002 1128.720721
185.825104 1119.232143
186.076293 1109.826667
186.326304 1106.159292
186.576725 1136.177273
186.826789 1119.811659
187.077276 1112.271111
187.327812 1111.453333
187.578319 1120.654709
187.828869 1111.786667
188.079232 1110.302222
188.329638 1104.466960
188.580720 1110.982222
188.831192 1113.240000
189.081891 1111.715556
189.332537 1103.947137
189.583492 1115.803571
189.833997 1113.542222
190.084783 1109.271111
190.334910 1102.872247
190.585791 2931.192771
190.898719 25730.250000
191.149283 2735.500000
191.401902 1856.862319
191.652021 1538.748466
191.906408 1169.834101
192.157319 1122.721973
192.408240 1107.849558
192.658862 1115.928571
192.909422 1114.302222
193.160340 1111.062222
193.410826 1106.283186
193.661340 1109.296460
193.912426 1106.597345
194.162954 1112.844444
194.413785 1106.986726
194.664242 1119.937220
194.914256 1112.875556
195.165297 1111.288889
195.415699 1106.681416
195.666514 1121.327354
195.917067 1110.684444
196.167180 1110.253333
196.417289 1094.916667
196.667437 1114.397321
196.917725 1108.004425
197.168486 1109.539823
197.419491 1111.568889
197.670298 1124.152466
197.921276 1110.488889
198.171651 1109.088496
198.422786 1109.601770
198.674017 1108.681416
198.924893 1113.986607
199.175000 1112.942222
199.425644 1105.513274
199.675983 1116.035714
199.926440 1108.048673
200.177153 1108.663717
200.428404 1106.207965
200.678621 1112.728889
200.929496 1110.106667
201.179584 4411.352941
201.456484 2202.167883
201.706513 2869.229885
201.956588 2044.866667
202.206976 1994.195312
202.457752 1740.368056
202.708597 1137.681818
202.959334 1112.173333
203.210095 1113.768889
203.461025 1101.748899
203.711680 1108.880531
203.962475 1111.857778
204.213263 1109.568889
204.463351 1117.602679
204.714043 1117.250000
204.964648 1104.544248
205.215046 1113.084444
205.465803 1106.756637
205.716446 1106.367257
205.966630 1111.368889
206.217160 1115.120536
206.467467 1110.440000
206.717514 1121.394619
206.968072 1114.982143
207.218460 1110.373333
207.468728 1109.946667
207.718764 1125.635135
207.969143 1111.582222
208.219772 1107.256637
208.470602 1102.748899
208.721305 1110.604444
208.971622 1111.146667
209.221886 1111.275556
209.472399 1097.271930
209.722999 1117.924107
209.973878 1116.129464
210.224268 1113.240000
210.475282 1100.339207
210.725543 1129.995475
210.975823 1107.601770
211.226529 1114.383929
211.476612 1102.656388
211.727419 1118.111607
211.978118 1376.972222
212.232691 6743.657895
212.482814 2999.098765
212.750156 5339.140000
213.001024 2037.236220
213.251936 1131.742081
213.502564 1107.137168
213.753109 1126.612613
214.003806 1115.406250
214.254003 1107.314159
214.504728 1100.502203
214.754874 1117.102679
215.005726 1113.764444
215.256700 1118.584821
215.507653 1106.261062
215.758021 1112.137778
216.008705 1110.911111
216.259140 1112.528889
216.509781 1104.340708
216.759833 1114.705357
217.009992 1107.300885
217.260449 1111.337778
217.511225 1101.713656
217.761655 1124.327354
218.012869 1107.137168
218.263330 1113.742222
218.514468 1104.898230
218.764494 1105.659292
219.014989 1116.133929
219.265375 1107.460177
219.516077 1110.746667
219.766481 1111.262222
220.016691 1117.348214
220.267621 1111.835556
220.517992 1108.269912
220.769107 1116.674107
221.019602 1105.986726
221.269839 1112.471111
221.520714 1099.245614
221.771718 1108.796460
222.022666 1114.401786
222.272844 1125.459459
222.523151 1115.727679
222.773502 1113.684444
223.024452 1113.168889
223.275172 1112.404444
223.526055 1103.735683
223.777046 1117.450893
224.027602 1106.362832
224.278187 1114.946429
224.528478 1109.238938
224.779578 1114.553571
225.029651 1116.191964
225.279905 1110.608889
225.530406 1102.466960
225.781162 1114.671111
226.032134 1111.826667
226.282906 1115.607143
226.533202 1106.190265
226.783478 1116.741071
227.034211 1108.561947
227.284919 1106.561947
227.535693 1103.590308
227.786608 1107.495575
228.037369 1109.493333
228.287396 1115.558036
228.537506 1107.951327
228.788509 1132.054299
229.038967 1111.680000
229.289479 1102.387665
229.540342 1101.480176
229.790898 1109.446903
230.041898 1108.955752
230.292752 1112.875556
230.543808 1107.818584
230.794655 1125.536036
231.044702 1114.375000
231.294839 1115.781250
231.545284 1103.669604
231.796131 1113.537778
232.047312 1114.728889
232.298516 1108.420354
232.549395 1112.853333
232.800265 1132.280543
233.050679 1120.641256
233.300969 1108.575221
233.552271 1101.088106
233.802514 1117.058036
234.053200 1114.302222
234.304200 1109.128319
234.555385 1110.706667
234.805448 1122.121076
235.056374 1116.031250
235.306563 1113.444444
235.557600 1100.493392
235.807748 1119.713004
236.058037 1112.102222
236.308420 1115.750000
236.559042 1108.592920
236.809693 1104.575221
237.060211 1111.360000
237.310621 1115.160714
237.560783 1103.665198
237.811636 1120.161435
238.062013 1112.786667
238.312606 1111.600000
238.563334 1103.920705
238.814296 1122.479821
239.065119 1111.328889
239.315509 1102.242291
239.565903 1107.805310
239.816800 1128.842342
240.067885 1111.515556
240.318417 1119.354260
240.568459 1109.309735
240.819380 1122.946188
241.070574 1111.808889
241.320955 1112.604444
241.571817 1100.167401
241.821974 1110.502222
242.072039 1110.631111
242.322464 1111.208889
242.572959 1102.537445
242.823577 1116.343750
243.074036 1114.883929
243.324263 1105.915929
243.574552 1116.486607
243.825122 1114.293333
244.076305 1114.395556
244.327311 1101.696035
244.577941 1104.339207
244.828930 1118.654709
245.078932 1113.040000
245.329702 1109.551111
245.579904 1108.004425
245.830755 1105.327434
246.081005 1116.629464
246.331587 1112.902222
246.582228 1102.792952
246.833137 1116.491071
247.083765 1115.620536
247.334085 1116.933036
247.584532 1102.775330
247.835427 1117.303571
248.086072 1108.964602
248.337152 1110.471111
248.587475 1111.182222
248.837935 1128.869369
249.088858 1109.212389
249.339976 1109.613333
249.589981 1105.079646
249.840307 1106.725664
250.090840 1118.308036
250.341645 1115.468750
250.592044 1103.488987
250.842706 1119.977578
251.092972 1120.573991
251.343447 1106.154867
251.593824 1105.491150
251.844233 1123.461883
252.094937 1108.256637
252.345981 1113.786667
252.596762 1103.427313
252.847843 1117.696429
253.098550 1115.482143
253.348967 1112.364444
253.599557 1103.176211
253.850546 1113.408889
254.101286 1107.252212
254.351945 1108.835556
254.602160 1104.841410
254.853319 1110.426667
255.103584 1117.830357
255.354057 1110.533333
255.604670 1104.431718
255.855728 1112.982222
256.106630 1105.964602
256.356802 1108.637168
256.607977 1108.438053
256.858619 1113.825893
257.108765 1108.384956
257.359579 1122.026906
257.610335 1106.243363
257.860891 1110.311111
258.111042 1108.906667
258.361066 1110.551111
258.611322 1106.190265
258.861840 1122.721973
259.112518 1113.222222
259.363336 1106.026549
259.613778 1101.039648
259.864350 1115.973214
260.114729 1106.849558
260.364986 1102.370044
260.615598 1108.088496
260.866635 1107.699115
261.117306 1112.066667
261.368106 1112.724444
261.618826 1108.247788
261.869795 1112.586667
262.120554 1111.635556
262.370886 1106.486726
262.621560 1103.634361
262.872381 1109.431111
263.122589 1110.635556
263.372790 1112.124444
263.623461 1108.668142
263.874572 1114.370536
264.124585 1109.513274
264.375744 1111.222222
264.626145 1104.171806
264.877188 1115.102679
265.127469 1121.565022
265.377909 1106.340708
265.628381 1107.694690
265.879249 1119.526786
266.130329 1114.651786
266.380543 1109.553097
266.631526 1107.902655
266.882511 1131.479638
267.132866 1118.058036
267.383770 1106.039823
267.634252 1101.264317
267.884554 1108.296460
268.135670 1120.551570
268.385830 1103.004405
268.636910 1104.792952
268.887915 1117.022321
269.138636 1113.582222
269.389462 1112.693333
269.640504 1109.119469
269.891665 1112.222222
270.142193 1113.600000
270.393235 1110.555556
270.643594 1106.256637
270.893967 1122.699552
271.144724 1110.915556
271.395116 1110.777778
271.645707 1110.720000
271.895846 1118.241071
272.146828 1110.280000
272.397160 1110.231111
272.647219 1107.123894
272.897975 1126.319820
273.148364 1122.704036
273.399154 1106.287611
273.649576 1103.634361
273.900422 1101.903084
274.151096 1117.696429
274.401954 1116.486607
274.652327 1106.805310
274.902961 1117.441964
275.153700 1122.964126
275.404455 1115.366071
275.654873 1110.271111
275.905069 1113.755556
276.156168 1125.454955
276.406248 1111.982222
276.656719 1108.336283
276.907767 1110.315556
277.157991 1117.598214
277.408990 1108.725664
277.659883 1102.973568
277.910575 1099.348018
278.160785 1111.466667
278.411115 1110.160000
278.661582 1108.929204
278.912536 1120.681614
279.162844 1117.767857
279.413663 1109.457778
279.663729 1108.119469
279.914548 1112.462222
280.165273 1109.533333
280.415278 1116.174107
280.665786 1109.199115
280.916831 1105.522124
281.167317 1108.486726
281.417915 1121.856502
281.668852 1113.240000
281.919572 1120.542601
282.169933 1109.274336
282.421128 1106.252212
282.671423 1108.707965
282.922242 1115.468750
283.172862 1123.327354
283.423520 1112.982222
283.674460 1114.446429
283.924569 1114.669643
284.174715 1121.641256
284.425024 1107.061947
284.675584 1106.743363
284.926315 1119.151786
285.177481 1113.724444
285.428387 1114.745536
285.678615 1109.675556
285.928694 1113.709821
286.178695 1121.986547
286.429117 1114.044643
286.679117 1112.426667
286.929987 1136.686364
287.180332 1127.202703
287.430917 1113.671111
287.681777 1107.690265
287.932801 1120.946188
288.182826 1107.008850
288.433574 1112.146667
288.684168 1105.738938
288.934656 1114.901786
289.184727 1112.853333
289.435521 1110.653333
289.685908 1104.273128
289.937162 1109.088496
290.188189 1110.880000
290.438414 1106.584071
290.689026 1109.026549
290.939901 1099.603524
291.189954 1111.288889
291.440529 1117.816964
291.691474 1114.311111
291.942534 1115.772321
292.192790 1117.508929
292.443642 1121.394619
292.694004 1102.713656
292.944793 1108.898230
293.195790 1111.004444
293.446208 1121.856502
293.696806 1106.853982
293.947412 1107.013274
294.197828 1115.691964
294.448213 1110.493333
294.698477 1103.480176
294.949488 1114.852679
295.199535 1117.428571
295.450474 1122.246637
295.701235 1108.384956
295.952116 1113.253333
296.202952 1111.044444
296.453209 1117.388393
296.704034 1105.146018
296.954194 1109.484444
297.204448 1124.986547
297.455429 1103.651982
297.706484 1110.244444
297.956704 1111.844444
298.207406 1113.031111
298.458142 1108.752212
298.709145 1111.146667
298.959689 1109.791111
299.209826 1108.442478
299.460767 1111.875556
299.711366 1110.480000
299.961658 1110.475556
300.211872 1112.097778
300.462541 1106.389381
300.712924 1108.933628
300.964046 1105.938053
301.214371 1113.986667
301.465376 1112.440000
301.716285 1107.358407
301.966794 1114.348214
302.216988 1117.107143
302.467697 1112.520000
302.718275 1107.849558
302.969009 1113.235556
303.220112 1115.196429
303.470196 1107.044248
303.720699 1106.013274
303.971238 1116.200893
304.221674 1117.830357
304.472460 1109.844444
304.722796 1107.048673
304.973163 1117.004464
305.223962 1119.784753
305.473984 1110.831111
305.724352 1106.668142
305.974839 1125.644144
306.225088 1108.924779
306.476120 1111.191111
306.726559 1105.548673
306.976787 1109.800000
307.227058 1116.723214
307.477637 1120.892377
307.727847 1109.760000
307.977864 1112.928889
308.228800 1107.362832
308.479609 1112.111111
308.730345 1104.132159
308.981228 1100.845815
309.231732 1112.973333
309.482595 1107.349558
309.733260 1106.349558
309.983620 1105.681416
310.234016 1115.589286
310.484239 1112.364444
310.734916 1109.351111
310.985057 1116.848214
311.235667 1109.252212
311.486654 1113.657778
311.737809 1108.632743
311.988785 1102.295154
312.239292 1105.955752
312.489640 1110.822222
312.740129 1104.557522
312.990289 1109.155556
313.240312 1122.313901
313.490952 1109.061947
313.741967 1104.105727
313.992952 1098.885965
314.244075 1116.477679
314.494553 1110.857778
314.744994 1106.044248
314.995386 1104.831858
315.245617 1114.346667
315.496740 1111.368889
315.747175 1105.491150
315.997315 1106.637168
316.247834 1119.197309
316.497933 1110.088889
316.748032 1107.557522
316.999001 1112.284444
317.249470 1118.017857
317.500225 1105.508850
317.750652 1109.208889
318.000715 1115.629464
318.250921 1118.968610
318.501038 1113.626667
318.751798 1109.448889
319.002182 1126.846847
319.252432 1130.769231
319.502923 1108.106195
319.753678 1106.628319
320.004278 1111.511111
320.254635 1110.595556
320.505108 1110.235556
320.755378 1107.066372
321.006054 1110.920000
321.256272 1121.609865
321.506990 1108.176991
321.757730 1108.938053
322.008783 1113.715556
322.259936 1107.637168
322.510600 1116.468750
322.761124 1107.517699
323.011720 1113.560000
323.262766 1112.764444
323.513638 1104.345133
323.763664 1105.734513
324.013736 1119.103139
324.263972 1117.647321
324.514494 1103.079295
324.765378 1110.426667
325.015467 1122.968468
325.265470 1111.951111
325.516181 1111.235556
325.766485 1110.057778
326.016708 1126.103604
326.267077 1116.982143
326.517892 1110.977778
326.768052 1108.358407
327.019082 1112.413333
327.269748 1120.439462
327.519915 1108.764444
327.769998 1105.628319
328.020211 1103.669604
328.271198 1114.468750
328.521213 1110.466667
328.771528 1108.429204
329.022510 1110.524444
329.272940 1110.168889
329.523149 1115.276786
329.773304 1114.391111
330.024363 1116.441964
330.274908 1118.383929
330.525812 1110.751111
330.776266 1105.030973
331.026405 1107.362832
331.276959 1121.372197
331.527674 1105.858407
331.777977 1113.528889
332.029030 1103.599119
332.279921 1119.188341
332.529933 1108.942478
332.780968 1108.172566
333.031700 1114.455357
333.281870 1130.615385
333.532176 1110.315556
333.782320 1116.924107
334.032998 1109.888889
334.283128 1110.804444
334.533456 1109.942222
334.783527 1116.687500
335.034353 1100.039648
335.284365 1113.799107
335.534481 1118.312500
335.785212 1107.880531
336.036306 1102.511013
336.286795 1122.968610
336.537789 1109.230088
336.788913 1112.813333
337.039646 1113.573333
337.290601 1112.915556
337.541606 1117.598214
337.792105 1121.632287
338.042823 1112.320000
338.293462 1118.540179
338.544455 1114.195556
338.795500 1114.004444
339.046481 1117.138393
339.297125 1115.620536
339.547473 1110.231111
339.797826 1115.495536
340.047974 1101.044053
340.298252 1112.444444
340.549042 1110.142222
340.799365 1115.915179
341.049469 1108.773333
341.299817 1119.584821
341.550860 1109.048889
341.801047 1110.577778
342.051088 1107.181416
342.301875 1123.206278
342.552501 1112.377778
342.803407 1112.333333
343.053919 1107.331858
343.304790 1118.022321
343.555537 1111.324444
343.806139 1116.428571
344.056474 1103.224670
344.307493 1122.977578
344.558349 1116.000000
344.808782 1113.266667
345.059455 1103.524229
345.310464 1114.794643
345.560589 1108.871111
345.810656 1106.469027
346.060975 1108.035398
346.311704 1118.632287
346.561779 1116.816964
346.812214 1115.508929
347.062428 1117.656250
347.313415 1112.013333
347.563701 1108.146667
347.813731 1107.482301
348.064635 1109.862832
348.315547 1120.417040
348.566093 1114.544643
348.816250 1126.450450
349.066412 1117.138393
349.317106 1118.495536
349.568137 1118.147321
349.818989 1106.539823
350.069504 1107.420354
350.320241 1117.102679
350.570865 1118.616071
350.821719 1110.675556
351.072093 1105.433628
351.322234 1106.101770
351.572927 1105.685841
351.823268 1109.497778
352.073379 1116.946429
352.323916 1121.260090
352.574412 1122.753363
352.825088 1109.119469
353.076177 1116.830357
353.326726 1122.031390
353.577446 1113.840000
353.828597 1116.379464
354.078975 1105.982301
354.329369 1103.088106
354.580002 1113.785714
354.830119 1117.093750
355.080750 1106.079646
355.331076 1115.455357
355.581486 1109.584071
355.832589 1111.524444
356.083036 1107.871681
356.333788 1108.995575
356.584907 1107.814159
356.835810 1109.991150
357.086692 1104.119469
357.336818 1118.578475
357.586825 1115.495536
357.836893 1108.195556
358.086921 1114.617778
358.338052 1118.361607
358.588985 1114.517857
358.839123 1108.699115
359.089862 1110.675556
359.340210 1126.783784
359.591000 1115.955357
359.841368 1109.871111
360.091435 1112.480000
360.342085 1108.535398
360.593137 1111.524444
360.843610 1111.275556
361.093942 1101.370044
361.344569 1109.061947
361.595597 1113.453333
361.846428 1109.648889
362.096694 1098.938596
362.347442 1109.404444
362.597699 1115.223214
362.847975 1102.766520
363.098470 1104.973451
363.348790 1111.066667
363.599173 1110.511111
363.849636 1120.955157
364.099923 1107.141593
364.350332 1116.732143
364.601131 1113.862222
364.852117 1106.371681
365.102468 1107.269912
365.353212 1106.088496
365.603316 1108.608889
365.853374 1108.591111
366.103510 1104.788546
366.354673 1113.937778
366.605413 1108.238938
366.856567 1110.791111
367.106963 1101.343612
367.357350 1133.429864
367.608175 1106.845133
367.858753 1107.323009
368.109479 1116.959821
368.360209 1140.004545
368.611395 1116.200893
368.861858 1107.278761
369.112449 1101.436123
369.362971 1114.450893
369.613017 1113.857778
369.864077 1117.830357
370.114839 1100.907489
370.365121 1115.183036
370.615495 1118.928571
370.866228 1110.115556
371.116657 1108.061947
371.367461 1112.075556
371.618125 1103.449339
371.869195 1118.450893
372.119906 1101.806167
372.370605 1107.500000
372.621264 1109.213333
372.871333 1110.968889
373.121699 1105.247788
373.372104 1123.587444
373.622860 1110.595556
373.873158 1115.151786
374.123408 1107.035398
374.374084 1120.502242
374.624332 1108.123894
374.875249 1106.460177
375.125441 1103.991150
375.375515 1102.400881
375.626385 1109.548673
375.877451 1110.244444
376.127684 1106.561947
376.378149 1116.861607
376.628595 1106.889381
376.879364 1105.800885
377.129763 1110.453333
377.379979 1120.349776
377.630265 1105.570796
377.880564 1103.792952
378.131708 1103.881057
378.382633 1128.090090
378.633350 1113.705357
378.883351 1109.702222
379.133487 1110.875556
379.383763 1118.723214
379.634786 1113.875556
379.885771 1115.200893
380.135930 1097.846491
380.386824 1112.866667
380.637504 1105.902655
380.888030 1112.933333
381.138730 1111.995556
381.389345 1112.404444
381.640213 1112.666667
381.890854 1113.450893
382.140941 1104.079295
382.391656 1111.542222
382.642269 1116.883929
382.892979 1109.110619
383.144114 1118.870536
383.394799 1130.552036
383.645535 1114.871111
383.896654 1109.124444
384.146686 1102.193833
384.397164 1114.330357
384.647271 1115.544643
384.897450 1112.991111
385.148388 1110.893333
385.398697 1127.261261
385.649465 1112.546667
385.900168 1111.555556
386.150638 1104.756637
386.400772 1121.991031
386.651482 1109.119469
386.902638 1109.351111
387.152650 1107.030973
387.403239 1106.504425
387.653591 1111.964444
387.904167 1103.422907
388.155234 1110.404444
388.405455 1123.955157
388.656740 1112.062222
388.907088 1111.497778
389.157833 1110.471111
389.407903 1108.650442
389.659138 1117.263393
389.909507 1108.506667
390.159697 1108.340708
390.410445 1123.026906
390.661394 1119.071429
390.912300 1106.464602
391.162874 1109.613333
391.412958 1130.533937
391.663165 1115.937500
391.913616 1117.741071
392.164522 1102.140969
392.415175 1116.754464
392.665743 1120.125561
392.915772 1113.315556
393.166878 1110.697778
393.417077 1130.628959
393.667367 1112.671111
393.918252 1107.858407
394.168936 1108.584071
394.419892 1118.763393
394.670981 1118.607143
394.922104 1114.177778
395.173097 1108.703540
395.424077 1115.897321
395.674402 1111.391111
395.924955 1111.626667
396.175314 1105.504425
396.425624 1117.209821
396.676386 1112.342222
396.926839 1115.218750
397.177292 1116.227679
397.427651 1123.511211
397.678644 1113.271111
397.929644 1100.942731
398.179885 1110.217778
398.430311 1121.286996
398.680695 1111.435556
398.931251 1118.392857
399.181970 1106.681416
399.432566 1114.308036
399.682670 1105.159292
399.932851 1113.835556
400.183968 1111.582222
400.434376 1119.973094
400.684530 1109.444444
400.934639 1109.411504
401.185886 1116.633929
401.436382 1138.713636
401.687336 1114.106667
401.938271 1112.200000
402.189206 1107.809735
402.439785 1113.168889
402.690772 1112.484444
402.941521 1112.000000
403.191895 1108.163717
403.442950 1108.225664
403.693804 1111.164444
403.944251 1107.393805
404.194832 1105.703540
404.445311 1114.613333
404.696551 1116.901786
404.947017 1119.932735
405.197225 1112.524444
405.447683 1117.906250
405.698714 1118.026786
405.949572 1112.386667
406.200157 1111.355556
406.450877 1123.659193
406.701746 1117.714286
406.952550 1106.035398
407.202887 1111.853333
407.453555 1109.022222
407.703609 1107.557522
407.954312 1109.577778
408.204384 1102.581498
408.455081 1104.145374
408.706112 1114.857143
408.956278 1113.533333
409.207213 1108.955752
409.458302 1114.302222
409.709302 1112.284444
409.960198 1114.553571
410.210267 1119.330357
410.461389 1113.546667
410.712386 1113.497778
410.963325 1108.309735
411.214033 1107.699115
411.465094 1125.396396
411.715237 1119.991031
411.965422 1108.438053
412.216310 1105.805310
412.466503 1121.820628
412.717421 1118.718750
412.968447 1117.053571
413.218965 1106.429204
413.469370 1106.026549
413.719779 1110.053333
413.969886 1109.991111
414.220149 1104.884956
414.470173 1118.551570
414.720203 1109.608889
414.970208 1121.013453
415.220538 1106.730088
415.471241 1115.218750
415.721392 1113.248889
415.972293 1110.693333
416.222584 1108.778761
416.473521 1106.792035
416.724292 1117.285714
416.974958 1113.995536
417.225038 1108.539823
417.475854 1113.675556
417.726942 1115.794643
417.977060 1109.680000
418.227143 1114.406250
418.477172 1119.753363
418.727520 1121.641256
418.978021 1112.164444
419.228794 1105.371681
419.478904 1116.098214
419.729370 1113.115556
419.980301 1119.004464
420.231144 1107.663717
420.482066 1098.763158
420.732980 1116.584821
420.983355 1109.924444
421.233799 1105.132743
421.483834 1101.986784
421.734529 1116.285714
421.984908 1117.513393
422.235783 1107.800885
422.486411 1110.271111
422.736609 1122.565022
422.987442 1111.813333
423.238152 1106.566372
423.488627 1129.072072
423.739721 1114.173333
423.990742 1108.261062
424.241552 1109.048889
424.491680 1114.213333
424.742514 1117.834081
424.992526 1105.676991
425.242739 1104.730088
425.492928 1112.564444
425.743697 1110.622222
425.994060 1111.280000
426.244495 1105.862832
426.494809 1112.648889
426.745403 1105.646018
426.995797 1113.164444
427.246554 1107.380531
427.497442 1100.524229
427.747561 1122.780269
427.998558 1112.453333
428.249185 1104.601770
428.499501 1127.328829
428.750094 1110.200000
429.000334 1103.444934
429.251071 1103.356828
429.502090 1108.991111
429.752106 1121.412556
430.002466 1111.506667
430.253125 1112.955556
430.503769 1117.361607
430.754734 1114.266667
431.005825 1107.517699
431.256263 1105.336283
431.506504 1136.586364
431.757158 1118.357143
432.008071 1108.115044
432.258806 1106.765487
432.509575 1112.177778
432.760065 1113.520000
433.011046 1115.294643
433.261254 1109.257778
433.511400 1124.076233
433.762178 1116.526786
434.012986 1116.919643
434.263512 1106.438053
434.514091 1118.544643
434.764953 1115.013393
435.015133 1105.951327
435.265351 1102.546256
435.516248 1124.421525
435.767345 1115.000000
436.017500 1111.342222
436.267983 1105.924779
436.518431 1104.123348
436.769565 1115.062500
437.019645 1103.762115
437.270494 1102.581498
437.521256 1116.776786
437.771948 1124.139013
438.023053 1112.551111
438.273669 1103.497797
438.524690 1115.946429
438.774982 1110.951111
439.025380 1105.831858
439.275909 1108.203540
439.526726 1117.964286
439.777586 1125.373874
440.027596 1111.333333
440.278138 1104.650442
440.528363 1116.941964
440.779032 1112.640000
441.029613 1108.706667
441.279697 1104.519824
441.530893 1114.031111
441.781770 1121.986547
442.032568 1107.309735
442.283155 1108.132743
442.534048 1121.982063
442.784894 1117.223214
443.035435 1106.597345
443.286176 1105.743363
443.536478 1119.672646
443.786607 1118.102679
444.037546 1107.420354
444.288134 1106.411504
444.538716 1111.400000
444.789139 1123.874439
445.039994 1115.968750
445.290479 1108.035398
445.541585 1111.511111
445.791959 1113.062222
446.042756 1105.176991
446.293230 1115.178571
446.543323 1113.267857
446.793331 1110.715556
447.043673 1109.597345
447.294717 1108.680000
447.544907 1107.433628
447.795313 1108.287611
448.046349 1112.928889
448.297053 1103.356828
448.548258 1111.497778
448.798614 1109.040000
449.048646 1113.320000
449.299485 1121.829596
449.550126 1113.651786
449.800185 1116.767857
450.050726 1112.213333
450.301445 1104.323009
450.551637 1123.905830
450.802590 1112.311111
451.053474 1108.017699
451.304366 1110.048889
451.554456 1105.384956
451.804872 1109.646018
452.056041 1108.606195
452.307019 1113.764444
452.558042 1100.969163
452.808268 1109.102222
453.058516 1111.528889
453.308949 1111.013333
453.559250 1109.296460
453.810269 1108.760000
454.060357 1110.364444
454.310668 1110.302222
454.560818 1113.562500
454.810857 1115.937500
455.061011 1109.822222
455.311264 1104.977876
455.561409 1116.424107
455.812122 1119.339286
456.063285 1117.397321
456.314165 1105.778761
456.564177 1102.885463
456.815281 1115.616071
457.065379 1107.079646
457.316025 1109.080000
457.566029 1110.102222
457.816232 1117.272321
458.067077 1108.415929
458.317799 1104.207048
458.568954 1114.839286
458.819108 1114.186667
459.070143 1103.563877
459.321220 1117.031250
459.571815 1120.878924
459.822146 1119.569507
460.072215 1107.938053
460.322839 1108.053097
460.573914 1128.887387
460.824833 1102.832599
461.075709 1113.608889
461.326732 1106.960177
461.577281 1109.482301
461.828257 1115.285714
462.078592 1109.235556
462.328721 1110.955556
462.578847 1113.834821
462.828964 1108.938053
463.080060 1107.225664
463.330649 1107.938053
463.581552 1114.106667
463.832642 1129.656109
464.082798 1110.746667
464.333057 1106.730088
464.583460 1115.508929
464.834032 1119.508929
465.085152 1109.706667
465.335178 1107.982301
465.585958 1116.500000
465.836600 1128.270270
466.087350 1118.611607
466.338479 1106.420354
466.588792 1115.383929
466.838914 1122.089686
467.089664 1105.168142
467.339831 1106.398230
467.590518 1121.192825
467.840969 1128.252252
468.091970 1111.440000
468.342381 1104.969027
468.592408 1116.013393
468.842685 1115.312500
469.093146 1110.862222
469.343231 1112.471111
469.594227 1111.008889
469.844431 1122.959641
470.095438 1104.343612
470.346718 1111.857778
470.596975 1110.448889
470.847373 1109.991111
471.097432 1109.751111
471.347782 1110.306667
471.597879 1104.345133
471.848039 1120.237668
472.098257 1113.817778
472.349220 1113.813333
472.600156 1111.328889
472.850864 1114.633929
473.101053 1104.902655
473.351197 1113.995556
473.602079 1112.595556
473.853039 1112.062222
474.103633 1110.942222
474.353808 1111.182222
474.604395 1108.517699
474.855365 1109.172566
475.106275 1106.230088
475.357037 1103.801762
475.607791 1110.768889
475.858380 1120.811659
476.108452 1106.336283
476.359165 1112.533333
476.609745 1118.573991
476.859760 1114.120000
477.110810 1111.951111
477.361367 1105.743363
477.611943 1107.429204
477.862656 1116.339286
478.113174 1112.280000
478.363681 1119.668161
478.613976 1106.659292
478.864388 1130.452489
479.114646 1116.477679
479.365227 1109.382222
479.615457 1108.716814
479.866313 1107.650442
480.117087 1110.968889
480.367492 1107.212389
480.618290 1107.181416
480.868651 1115.250000
481.119137 1110.662222
481.369344 1108.884444
481.619543 1117.647321
481.870185 1119.632287
482.120241 1114.991071
482.370348 1106.278761
482.620990 1114.522321
482.871256 1124.255605
483.122170 1108.862832
483.373152 1113.861607
483.623382 1110.368889
483.873558 1111.506667
484.124194 1112.666667
484.374693 1109.164444
484.624827 1113.351111
484.875765 1120.739910
485.126133 1112.315556
485.376731 1108.455752
485.627895 1102.176211
485.878402 1115.866071
486.128850 1112.995556
486.379511 1116.616071
486.630123 1104.247788
486.880314 1116.955357
487.130634 1113.839286
487.380703 1111.622222
487.631248 1099.726872
487.881489 1115.875000
488.131694 1105.792035
488.382124 1103.969027
488.632128 1100.162996
488.882261 1119.031390
489.132301 1113.315556
489.383054 1116.486607
489.633716 1112.288889
489.884392 1114.093333
490.135355 1116.147321
490.385793 1108.606195
490.636705 1112.937778
490.887814 1112.613333
491.138450 1110.293333
491.388678 1108.778761
491.639546 1108.438053
491.890665 1108.526549
492.141598 1110.795556
492.391796 1116.218750
492.642343 1107.088496
492.893018 1124.454955
493.143110 1112.031111
493.393377 1106.592920
493.644295 1109.225664
493.895451 1107.115044
494.146172 1107.517699
494.396728 1108.084071
494.647610 1097.934211
494.898315 1112.773333
495.149223 1113.053333
495.399972 1131.158371
495.650379 1103.806167
495.901286 1128.369369
496.152338 1115.258929
496.402723 1111.493333
496.653199 1107.973451
496.904114 1113.071111
497.154938 1108.568889
497.404949 1111.915556
497.655314 1101.788546
497.905902 1117.388393
498.156483 1113.415179
498.406526 1110.320000
498.656692 1107.619469
498.907594 1112.431111
499.158240 1105.924779
499.408605 1110.435556
499.658995 1110.217778
499.909029 1132.307692
500.159791 1117.602679
500.410583 1105.433628
500.660886 1107.247788
500.911414 1128.220721
501.162477 1112.431111
501.413038 1114.941964
501.663306 1099.385965
501.914495 1111.733333
502.164893 1110.231111
502.415157 1110.293333
502.665604 1102.550661
502.916432 1110.906667
503.166720 1109.493333
503.416767 1110.324444
503.666917 1100.185022
503.917282 1108.128319
504.168031 1114.330357
504.418087 1110.120000
504.668215 1100.466960
504.918488 1113.688889
505.169480 1112.346667
505.420399 1116.084821
505.670829 1105.115044
505.921107 1109.238938
506.172247 1110.968889
506.422458 1111.586667
506.673187 1103.008811
506.924148 1116.267857
507.174678 1118.022321
507.425492 1112.235556
507.676180 1108.676991
507.927155 1115.004464
508.177461 1113.217778
508.428326 1116.093750
508.678824 1108.030973
508.929488 1124.950450
509.179717 1114.549107
509.429930 1106.176991
509.680269 1106.340708
509.930827 1120.493274
510.180969 1113.151786
510.430983 1103.303965
510.681884 1115.839286
510.932238 1114.111111
511.183028 1109.524444
511.433284 1109.946667
511.683403 1105.783186
511.933694 1127.243243
512.184406 1117.174107
512.435282 1103.801762
512.686264 1111.035556
512.936715 1119.340807
513.186815 1114.333333
513.437857 1113.520000
513.688980 1111.840000
513.939666 1123.511211
514.190411 1118.316964
514.441455 1114.551111
514.692519 1107.119469
514.943117 1108.106195
515.194139 1109.473451
515.445265 1110.600000
515.695491 1105.446903
515.945596 1127.671171
516.196675 1109.804444
516.446748 1108.300885
516.697608 1106.265487
516.948189 1109.756637
517.199469 1109.615044
517.450578 1115.053571
517.700731 1102.458150
517.951523 1107.920354
518.202315 1112.715556
518.453120 1107.654867
518.703844 1102.709251
518.954420 1124.355856
519.204644 1116.250000
519.455133 1107.491150
519.705881 1103.180617
519.956646 1109.524444
520.206732 1109.168142
520.457831 1109.360000
520.707861 1102.180617
520.958404 1129.443439
521.208483 1111.271111
521.458841 1101.651982
521.709598 1101.044053
521.959897 1117.790179
522.210825 1112.373333
522.461388 1115.285714
522.711460 1104.070796
522.961523 1118.459821
523.212513 1108.477876
523.463319 1112.431111
523.714072 1113.718750
523.964222 1120.255605
524.214405 1123.089686
524.465043 1113.138393
524.715060 1110.133333
524.965239 1113.257778
525.216042 1111.982222
525.466604 1115.861607
525.717265 1109.876106
525.968247 1128.707207
526.219413 1114.306667
526.470489 1109.257778
526.720581 1110.440000
526.970842 1121.901345
527.221446 1113.395556
527.472032 1107.315556
527.722120 1105.889381
527.972193 1109.751111
528.222308 1110.511111
528.472476 1119.004484
528.722544 1103.779736
528.973550 1122.291480
529.224352 1120.538117
529.474456 1107.924779
529.725283 1102.726872
529.976278 1108.690265
530.227133 1105.451327
530.477605 1111.924444
530.728004 1111.151111
530.978579 1117.308036
531.229153 1114.437500
531.479360 1113.204444
531.729960 1107.442478
531.980768 1114.513393
532.231082 1108.446903
532.481900 1111.902222
532.732448 1109.435556
532.982606 1126.882883
533.233235 1112.040000
533.483925 1109.792035
533.735104 1104.555066
533.986230 1129.570136
534.236297 1117.495536
534.486934 1105.115044
534.737052 1109.680000
534.987389 1109.553097
535.238556 1108.561947
535.489442 1109.920000
535.739703 1111.142222
535.990015 1127.792793
536.240761 1117.691964
536.491581 1108.849558
536.742560 1109.262222
536.992730 1118.964126
537.242766 1112.182222
537.493261 1116.348214
537.743952 1104.383260
537.995065 1120.582960
538.245389 1116.165179
538.495878 1106.053097
538.746285 1104.348018
538.997314 1114.088889
539.248434 1109.782222
539.498501 1116.299107
539.749033 1105.407080
539.999148 1114.450893
540.249389 1112.151111
540.499994 1104.539823
540.750137 1109.751111
541.000230 1119.434978
541.250420 1114.160000
541.501224 1109.720000
541.751505 1114.522321
542.001700 1125.639640
542.251987 1112.542222
542.502750 1107.159292
542.753223 1105.150442
543.003446 1124.324324
543.253464 1114.665179
543.503625 1114.004464
543.753647 1109.508850
544.004826 1113.071111
544.255519 1110.724444
544.505884 1104.057269
544.757072 1110.093333
545.007154 1108.628319
545.258254 1115.071429
545.508335 1113.102222
545.759253 1108.880531
546.010361 1118.424107
546.261342 1116.540179
546.511741 1121.932735
546.762212 1106.867257
547.013063 1120.331839
547.263198 1115.857143
547.513648 1115.991071
547.763943 1107.769912
548.014842 1100.669604
548.265060 1115.446429
548.515398 1107.353982
548.765910 1103.392070
549.016823 1111.448889
549.267478 1121.748879
549.518088 1113.773333
549.768944 1111.240000
550.019516 1098.267544
550.270396 1108.995575
550.521389 1112.417778
550.772044 1114.977679
551.022271 1110.040000
551.272487 1110.333333
551.522613 1113.515556
551.773614 1103.400881
552.024504 1107.721239
552.275356 1118.375000
552.526065 1105.654867
552.776464 1111.715556
553.027017 1123.914414
553.277059 1110.946667
553.527522 1108.659292
553.778392 1107.619469
554.029099 1109.973333
554.279333 1117.763393
554.530113 1111.880000
554.780874 1103.744493
555.031880 1112.106667
555.282507 1118.522321
555.533472 1109.640000
555.783646 1104.123348
556.034662 1110.826667
556.284875 1115.477679
556.535409 1110.764444
556.785735 1109.477876
557.036906 1107.137168
557.287492 1113.991111
557.538431 1115.281250
557.788828 1108.367257
558.039787 1103.215859
558.290602 1105.115044
558.540916 1109.473451
558.791891 1103.274336
559.041907 1112.280000
559.292352 1118.767857
559.543369 1103.427313
559.794453 1099.493392
560.044498 1100.303965
560.294520 1116.044643
560.545162 1124.220721
560.795242 1111.595556
561.045760 1113.040000
561.296592 1112.155556
561.547392 1107.628319
561.797926 1105.544248
562.048191 1104.756637
562.298238 1108.808889
562.548532 1108.044248
562.799239 1110.497778
563.049444 1107.924779
563.300257 1111.360000
563.550868 1106.849558
563.801369 1111.920000
564.051985 1111.644444
564.302479 1128.371041
564.552617 1103.814978
564.803365 1111.391111
565.053923 1109.208889
565.304098 1112.022222
565.554727 1114.290179
565.804818 1109.075221
566.055937 1117.625000
566.306882 1117.638393
566.557409 1108.287611
566.808481 1107.057522
567.058890 1114.611607
567.309273 1111.728889
567.559916 1112.057778
567.810418 1109.693333
568.060623 1107.017699
568.311195 1111.075556
568.561474 1106.650442
568.812214 1107.473451
569.062989 1116.803571
569.313459 1121.497758
569.564092 1116.549107
569.814539 1108.451327
570.065775 1127.950450
570.316492 1118.772321
570.567643 1111.346667
570.818061 1115.571429
571.068462 1113.302222
571.319407 1115.116071
571.569435 1107.353982
571.820242 1107.579646
572.071017 1107.853982
572.321835 1115.602679
572.572145 1106.269912
572.822446 1102.762115
573.073416 1110.328889
573.323532 1127.698198
573.574398 1111.840000
573.825015 1103.211454
574.075821 1107.703540
574.326497 1110.262222
574.577008 1113.808889
574.828070 1107.451327
575.078716 1121.000000
575.329011 1110.244444
575.579297 1114.763393
575.829582 1107.336283
576.080149 1129.378378
576.331298 1109.862222
576.581361 1111.466667
576.831859 1109.564444
577.081912 1111.528889
577.332736 1108.995575
577.583373 1106.823009
577.834195 1107.123894
578.084811 1113.208889
578.335881 1119.147321
578.586897 1116.696429
578.837434 1116.589286
579.087795 1115.549107
579.338214 1121.417040
579.588610 1115.357143
579.839020 1107.203540
580.089673 1111.360000
580.339962 1106.752212
580.590745 1108.840708
580.841528 1106.725664
581.092225 1109.586667
581.342245 1113.580357
581.592308 1109.440000
581.842373 1104.229075
582.093455 1112.666667
582.344220 1119.533632
582.594309 1104.374449
582.845387 1104.264317
583.096324 1129.466063
583.346499 1119.000000
583.596542 1109.809735
583.847366 1107.367257
584.098407 1112.413333
584.348837 1114.482143
584.599190 1111.324444
584.849434 1105.769912
585.099819 1109.884444
585.350095 1113.946429
585.600203 1113.884444
585.850952 1110.902222
586.101501 1121.959641
586.352059 1116.093750
586.602369 1112.831111
586.853353 1101.145374
587.103766 1110.315556
587.354000 1113.977778
587.605067 1119.659193
587.855091 1117.959821
588.106107 1107.871681
588.356784 1125.752252
588.607234 1106.004425
588.857433 1101.110132
589.108055 1109.977778
589.358101 1107.964602
589.608980 1109.377778
589.859176 1110.395556
590.109317 1123.923767
590.360365 1106.637168
590.610814 1103.722467
590.861778 1107.889381
591.112765 1122.493274
591.363606 1132.248869
591.614195 1110.728889
591.864470 1098.776316
592.115308 1125.725225
592.365859 1124.753363
592.616921 1111.484444
592.867213 1110.311111
593.117824 1114.218750
593.367899 1123.515695
593.618661 1110.626667
593.869060 1110.208889
594.119381 1109.662222
594.369485 1114.795556
594.620631 1110.866667
594.870954 1112.231111
595.121548 1102.854626
595.372533 1117.879464
595.623243 1112.693333
595.873904 1107.132743
596.124741 1107.101770
596.375298 1107.615044
596.625959 1109.368889
596.876094 1110.693333
597.126499 1102.845815
597.377040 1120.515695
597.627588 1115.093750
597.877830 1104.387665
598.129004 1115.013393
598.379076 1120.730942
598.629357 1108.615044
598.880294 1108.154867
599.131292 1098.364035
599.382183 1110.577778
599.632537 1115.383929
599.882648 1162.267694
-----------------------------------
MEMD, exp3_memcached_out, 5155901.000000, 41.000000, 1161.934983, 1825.582542, 1121.000000, 1323.000000, 9168.000000, 98784.780000, 254334.000000, 2163.987985, 1962.044597
