0.000000 1260.909548
0.251207 1286.805128
0.502407 1287.587629
0.752727 1287.381443
1.002777 1288.912371
1.253159 1284.794872
1.504290 1290.268041
1.754805 1286.000000
2.005051 1292.747423
2.256032 1287.984536
2.506182 1293.134715
2.756341 1289.865979
3.006837 1284.594872
3.257857 1287.680412
3.508092 1288.731959
3.758498 1286.649485
4.008767 1290.211340
4.259376 1284.066667
4.510178 1285.825641
4.761278 1289.268041
5.011709 1289.747423
5.262276 1285.374359
5.513642 1288.536082
5.763947 1288.164948
6.014277 1293.092784
6.265541 1290.644330
6.516157 1290.097938
6.767117 1289.737113
7.017611 1288.180412
7.267968 1289.082474
7.518450 1284.466667
7.769355 1288.556701
8.019772 1285.364103
8.270817 1285.994872
8.522122 1286.512821
8.773193 1283.025641
9.023940 1290.087629
9.274555 1284.605128
9.525538 1288.907216
9.775992 1285.471795
10.027118 1288.144330
10.277602 1288.463918
10.527715 1285.979381
10.777801 1290.252577
11.028256 1287.891753
11.278616 1287.871134
11.528966 1283.343590
11.779846 1287.123711
12.029900 1286.230769
12.280942 1289.453608
12.531657 1288.649485
12.782153 1288.056701
13.032422 1285.541237
13.282468 1292.618557
13.533455 1292.541237
13.784695 1285.974359
14.035759 1283.312821
14.286546 1286.871795
14.537695 1294.295337
14.788164 1286.758974
15.039411 1289.515464
15.289869 1287.067010
15.539915 1289.634021
15.790543 1290.010309
16.041395 1288.360825
16.291484 1292.481865
16.541642 1288.819588
16.791753 1285.476923
17.042985 1289.067010
17.293483 1286.420513
17.544675 1293.129534
17.794804 1288.262887
18.044983 1286.541237
18.295114 1286.928205
18.546243 1290.221649
18.797128 1288.072165
19.047497 1287.179487
19.298823 1289.087629
19.549311 1292.077320
19.800165 1287.860825
20.050578 1286.158974
20.301655 1288.659794
20.552345 1289.159794
20.802686 1286.257732
21.052836 1287.417526
21.302867 1286.850515
21.552934 1289.298969
21.803338 1288.025773
22.053515 1285.841026
22.304821 1289.494845
22.555272 1293.471503
22.805386 1289.432990
23.055810 1286.865979
23.306091 1290.680412
23.556811 1289.469072
23.807259 1289.840206
24.057880 1288.731959
24.308379 1286.292308
24.559413 1293.108808
24.809691 1287.752577
25.059713 1289.025773
25.310257 1288.711340
25.560587 1288.835052
25.810989 1289.907216
26.061696 1285.287179
26.312745 1285.471795
26.563910 1290.355670
26.814582 1288.000000
27.064913 1289.515464
27.315223 1282.579487
27.565789 1298.590674
27.816879 1287.628866
28.066963 1287.335052
28.317321 1285.133333
28.568109 1285.728205
28.819262 1288.201031
29.069648 1290.164948
29.320331 1288.958763
29.570672 1291.675258
29.821835 1289.628866
30.072220 1286.773196
30.322371 1286.415385
30.573693 1287.969072
30.823794 1289.365979
31.074308 1287.778351
31.324549 1286.164103
31.575819 1287.561856
31.826145 1286.656410
32.077194 1289.932990
32.328000 1288.237113
32.578161 1293.357513
32.828255 1286.850515
33.078325 1288.226804
33.328534 1287.891753
33.579018 1288.293814
33.829057 1285.882051
34.080213 1291.474227
34.331314 1288.664948
34.581557 1285.707692
34.832702 1288.623711
35.082939 1286.654639
35.333246 1292.479381
35.584304 1288.412371
35.834458 1290.943299
36.085413 1286.533333
36.336752 1288.247423
36.587192 1287.446154
36.838355 1286.231959
37.088421 1290.262887
37.339111 1288.144330
37.589497 1288.902062
37.839787 1287.432990
38.089987 1287.592784
38.340257 1288.917526
38.590531 1288.912371
38.841136 1287.180412
39.091312 1288.546392
39.341526 1288.613402
39.592013 1292.360825
39.843049 1289.819588
40.093630 1289.855670
40.344279 1287.798969
40.594658 1288.288660
40.844885 1287.298969
41.094922 1288.010309
41.345246 1289.283505
41.595683 1293.911917
41.845868 1285.276923
42.096895 1287.474227
42.347258 1290.335052
42.597788 1291.623711
42.848657 1287.690722
43.099133 1286.476923
43.350163 1286.747423
43.600311 1291.876289
43.851380 1285.871795
44.102447 1287.623711
44.352583 1285.841026
44.603737 1289.881443
44.854557 1288.907216
45.104886 1288.216495
45.355341 1288.788660
45.605628 1293.943005
45.855683 1285.646154
46.107084 1289.690722
46.357490 1285.671795
46.608836 1293.953608
46.860152 1286.271795
47.111359 1288.309278
47.361573 1286.035897
47.612981 1290.587629
47.863553 1287.010309
48.113639 1289.345361
48.364277 1288.020619
48.614671 1290.907216
48.865428 1289.226804
49.115763 1286.283505
49.365927 1288.979381
49.616335 1286.536082
49.866468 1287.456410
50.117748 1287.680412
50.367771 1285.282051
50.619164 1289.788660
50.869504 1288.242268
51.119834 1287.443299
51.370060 1288.190722
51.620543 1289.087629
51.871143 1286.882051
52.122203 1287.314433
52.372293 1289.340206
52.622919 1289.216495
52.873610 1290.371134
53.124143 1287.670103
53.374357 1285.651282
53.625626 1289.103093
53.876040 1288.417526
54.126410 1287.804124
54.376538 1286.225641
54.627734 1290.664948
54.878676 1286.543590
55.129917 1289.664948
55.380525 1288.432990
55.630807 1289.623711
55.881563 1285.764103
56.132446 1288.231959
56.382821 1286.415385
56.634051 1291.613402
56.885124 1288.783505
57.135531 1283.287179
57.386248 1289.082474
57.636846 1289.530928
57.887148 1287.943299
58.137434 1285.758974
58.388383 1285.984536
58.638453 1287.237113
58.888731 1290.386598
59.139244 1287.680412
59.389540 1286.466667
59.640800 1290.304124
59.891341 1287.850515
60.141659 1287.597938
60.391883 1288.567010
60.642465 1289.417526
60.892740 1287.556701
61.143117 1288.391753
61.393355 1285.422680
61.643372 1289.180412
61.893730 1285.523077
62.144686 1285.517949
62.395890 1290.695876
62.646560 1286.374359
62.897894 1289.701031
63.148503 1287.010309
63.398561 1289.500000
63.648937 1290.247423
63.899697 1286.922680
64.150030 1289.412371
64.400427 1288.144330
64.650812 1288.376289
64.901080 1285.538462
65.151898 1286.804124
65.402017 1288.164948
65.652330 1287.077320
65.902520 1290.871134
66.153334 1286.261538
66.404515 1291.108247
66.655607 1285.989744
66.906643 1291.164948
67.157464 1289.252577
67.407900 1287.984536
67.658458 1289.484536
67.908751 1283.328205
68.159530 1288.783505
68.409953 1286.721649
68.659970 1288.597938
68.910441 1291.618557
69.161308 1285.860825
69.411390 1290.134021
69.662002 1286.071795
69.913039 1287.195876
70.163134 1288.097938
70.413264 1288.788660
70.663895 1286.123077
70.914987 1286.618557
71.165160 1287.943299
71.415289 1292.201031
71.666387 1287.231959
71.916490 1287.273196
72.166624 1287.865979
72.417030 1290.860825
72.667901 1287.077320
72.917917 1289.592784
73.168513 1287.407216
73.418640 1290.902062
73.669684 1292.190722
73.920741 1291.541237
74.171710 1287.664948
74.421903 1290.180412
74.672463 1287.701031
74.922875 1287.603093
75.173004 1287.778351
75.423369 1289.417526
75.673787 1287.309278
75.923820 1288.314433
76.174384 1289.721649
76.424782 1287.793814
76.675241 1287.108247
76.925320 1289.123711
77.175653 1288.000000
77.425905 1289.912371
77.676775 1290.381443
77.927384 1290.350515
78.178177 1285.917949
78.429503 1289.335052
78.679768 1287.525773
78.929983 1284.897436
79.181122 1286.938144
79.431157 1288.556701
79.681726 1288.077320
79.931811 1287.938144
80.182306 1288.958763
80.432628 1289.113402
80.683054 1289.092784
80.933483 1285.128205
81.184643 1287.216495
81.434909 1288.608247
81.685098 1287.886598
81.935365 1285.569231
82.186610 1287.288660
82.436786 1290.293814
82.687490 1285.702564
82.938563 1288.649485
83.188924 1290.680412
83.439733 1289.164948
83.690297 1288.603093
83.940700 1288.742268
84.191168 1287.118557
84.441257 1288.742268
84.691682 1287.592784
84.942109 1289.484536
85.192458 1287.654639
85.442614 1289.618557
85.693415 1283.948718
85.944260 1286.348718
86.195309 1289.304124
86.445806 1290.139175
86.696716 1287.644330
86.946784 1289.365979
87.197263 1287.092784
87.447423 1289.639175
87.697929 1288.288660
87.948288 1287.412371
88.198517 1288.190722
88.448657 1290.180412
88.699597 1285.656410
88.950648 1287.793814
89.200890 1286.711340
89.450993 1291.793814
89.702207 1286.897436
89.953395 1287.726804
90.203747 1289.891753
90.454226 1285.538462
90.705373 1290.932990
90.956117 1287.000000
91.206276 1290.097938
91.456888 1285.041026
91.708045 1287.840206
91.958293 1288.432990
92.208432 1285.230769
92.459492 1290.365979
92.710200 1289.216495
92.960858 1292.381443
93.211973 1284.841026
93.462958 1287.860825
93.713175 1287.577320
93.963289 1286.427835
94.213414 1289.216495
94.463727 1287.541237
94.713905 1286.174359
94.965236 1291.567010
95.216080 1286.025641
95.467389 1290.149485
95.717815 1286.469072
95.967839 1289.082474
96.218353 1284.338462
96.469296 1290.463918
96.720220 1284.620513
96.970882 1291.850515
97.222175 1288.030928
97.472309 1290.603093
97.723148 1288.778351
97.973446 1284.507692
98.224347 1288.412371
98.474836 1286.564103
98.725957 1286.015464
98.976082 1289.824742
99.226415 1286.628866
99.476499 1292.974227
99.727827 1286.897436
99.979173 1289.154639
100.229630 1286.271795
100.480876 1289.912371
100.731481 1289.041237
100.981798 1287.850515
101.232315 1289.927835
101.482671 1286.618557
101.732797 1290.927835
101.983736 1290.329897
102.234343 1288.097938
102.484815 1288.773196
102.735116 1289.195876
102.985613 1288.783505
103.236090 1285.092308
103.487041 1290.618557
103.737816 1287.304124
103.987893 1287.701031
104.238327 1288.432990
104.488511 1287.391753
104.738644 1288.231959
104.988810 1286.097938
105.238825 1288.989691
105.489539 1291.510309
105.740172 1285.928205
105.991366 1290.757732
106.242091 1288.690722
106.492775 1287.438144
106.742846 1286.271795
106.993967 1289.484536
107.244764 1287.365979
107.494851 1288.494845
107.745088 1289.319588
107.995636 1286.809278
108.245650 1287.783505
108.495961 1287.891753
108.746310 1290.298969
108.996942 1288.329897
109.247177 1285.046154
109.498301 1292.030928
109.749196 1284.558974
110.000198 1291.103093
110.251207 1288.319588
110.501488 1287.757732
110.751601 1288.365979
111.001979 1287.958763
111.252178 1289.144330
111.502867 1288.247423
111.753101 1286.628866
112.003229 1291.036082
112.254060 1291.500000
112.504832 1291.175258
112.755827 1284.764103
113.006631 1286.664948
113.256769 1287.319588
113.506861 1292.097938
113.758063 1287.149485
114.008066 1288.458763
114.258323 1285.153846
114.509574 1289.108247
114.760098 1286.743590
115.011505 1290.329897
115.262072 1289.654639
115.512592 1287.283505
115.762789 1286.564103
116.014130 1288.505155
116.264472 1284.451282
116.515384 1289.706186
116.765992 1290.494845
117.016786 1290.335052
117.267451 1286.133333
117.518767 1286.794872
117.770043 1291.324742
118.021041 1288.087629
118.271222 1287.329897
118.521437 1285.425641
118.772561 1286.246154
119.023748 1291.190722
119.274774 1290.798969
119.525422 1286.502564
119.776652 1290.077320
120.027157 1285.634021
120.277288 1289.943299
120.527739 1288.092784
120.778026 1285.528205
121.029344 1287.402062
121.279398 1288.597938
121.529691 1291.247423
121.780452 1285.757732
122.030483 1288.850515
122.280744 1286.541237
122.530915 1287.932990
122.781169 1287.541237
123.031221 1291.778351
123.282201 1288.752577
123.532607 1286.453608
123.782651 1287.097938
124.032792 1288.664948
124.283021 1288.180412
124.533292 1291.484536
124.784404 1289.170103
125.034817 1292.092784
125.285815 1287.030928
125.535891 1288.649485
125.786472 1286.153846
126.037656 1287.603093
126.287671 1286.010256
126.538810 1286.757732
126.789082 1288.814433
127.039287 1288.134021
127.289706 1286.143590
127.540928 1290.041237
127.791497 1288.092784
128.041866 1287.561856
128.292000 1286.474227
128.542112 1288.917526
128.792588 1286.764103
129.043743 1289.773196
129.294466 1292.546392
129.545595 1289.912371
129.796277 1287.355670
130.046371 1287.994845
130.296679 1288.314433
130.547079 1290.525773
130.797868 1287.762887
131.048070 1288.659794
131.298458 1286.412371
131.548499 1291.237113
131.799486 1287.143590
132.050753 1288.572165
132.301131 1285.810256
132.552335 1290.597938
132.803154 1289.603093
133.053664 1291.711340
133.304864 1286.507692
133.555910 1290.592784
133.806828 1287.680412
134.056978 1287.190722
134.307020 1288.546392
134.557384 1289.118557
134.807946 1287.737113
135.058389 1286.502564
135.309644 1290.922680
135.560250 1289.463918
135.810823 1286.876289
136.060900 1290.541237
136.311753 1284.405128
136.562773 1290.268041
136.813614 1287.174359
137.064843 1286.489691
137.314969 1288.567010
137.565257 1289.293814
137.815848 1287.742268
138.066041 1285.917949
138.317156 1286.917526
138.567445 1288.551546
138.817652 1285.333333
139.068704 1296.823834
139.319479 1287.067010
139.569679 1287.886598
139.819950 1286.984615
140.071330 1287.809278
140.321509 1288.288660
140.571750 1289.432990
140.822317 1287.850515
141.072401 1287.804124
141.322799 1284.389744
141.573780 1290.309278
141.824492 1286.728205
142.075891 1293.340206
142.327091 1289.664948
142.577554 1287.572165
142.827912 1287.221649
143.078234 1287.969072
143.328453 1287.355670
143.578664 1288.262887
143.828886 1287.128866
144.078952 1294.699482
144.329486 1287.256410
144.580627 1287.448454
144.830748 1286.134021
145.080935 1290.216495
145.331422 1286.798969
145.581681 1288.092784
145.831855 1290.231959
146.082507 1288.381443
146.333000 1287.422680
146.583002 1286.087629
146.833128 1288.180412
147.083481 1290.113402
147.334165 1289.726804
147.584719 1289.639175
147.835286 1289.860825
148.086173 1288.103093
148.336196 1289.175258
148.586835 1290.273196
148.837502 1287.139175
149.087750 1287.226804
149.337915 1287.128866
149.588010 1289.634021
149.838474 1289.340206
150.089023 1286.809278
150.339238 1288.634021
150.589675 1290.134021
150.840431 1290.123711
151.090981 1288.840206
151.341316 1289.510309
151.591903 1284.507692
151.842721 1286.860825
152.092774 1288.902062
152.343218 1287.448454
152.593438 1286.701031
152.843472 1288.087629
153.093689 1285.400000
153.344787 1286.302564
153.595972 1288.670103
153.846554 1287.407216
154.096701 1291.412371
154.347500 1287.664948
154.597828 1288.912371
154.848130 1286.020619
155.098162 1289.860825
155.348857 1288.902062
155.599017 1288.479381
155.849344 1286.530928
156.099524 1289.850515
156.350159 1287.876289
156.600487 1289.412371
156.851001 1287.443299
157.101005 1289.231959
157.351385 1286.907216
157.601692 1287.128866
157.851815 1288.422680
158.102027 1287.304124
158.352171 1287.994845
158.602385 1287.463918
158.852665 1288.149485
159.102950 1292.463918
159.354070 1287.685567
159.604235 1290.180412
159.854824 1285.502564
160.106017 1291.494845
160.356889 1285.261538
160.608050 1288.371134
160.858291 1285.671795
161.109467 1289.484536
161.359878 1287.252577
161.609939 1289.407216
161.860531 1283.625641
162.111209 1288.309278
162.361760 1290.025773
162.612166 1288.994845
162.862703 1291.273196
163.113583 1289.484536
163.364084 1287.340206
163.614469 1289.113402
163.864754 1287.273196
164.114805 1288.149485
164.365164 1284.989744
164.616183 1289.041237
164.866635 1285.358974
165.117650 1286.314433
165.367678 1288.680412
165.618124 1288.278351
165.868354 1290.463918
166.119029 1286.979381
166.369054 1287.159794
166.619389 1288.113402
166.869485 1287.154639
167.119626 1286.865979
167.369881 1288.587629
167.619994 1290.036082
167.870839 1288.525773
168.121091 1286.804124
168.371293 1290.072165
168.621769 1284.994872
168.872697 1289.417526
169.123181 1290.206186
169.373930 1288.675258
169.624629 1286.574359
169.875636 1287.273196
170.125733 1288.180412
170.376129 1288.881443
170.626442 1289.783505
170.877067 1286.597938
171.127104 1289.201031
171.377662 1286.641026
171.628892 1289.500000
171.879264 1292.015464
172.130446 1289.396907
172.381151 1286.446154
172.632547 1288.247423
172.882653 1289.195876
173.133160 1285.051282
173.384123 1290.030928
173.634796 1288.298969
173.885180 1286.364103
174.136378 1292.283505
174.387497 1287.675258
174.637847 1287.292308
174.889029 1287.515464
175.139231 1287.917526
175.389495 1291.170103
175.640297 1290.788660
175.891062 1284.451282
176.142124 1289.443299
176.392794 1288.134021
176.643204 1287.123077
176.894287 1287.613402
177.144548 1289.623711
177.395123 1290.092784
177.645836 1288.814433
177.896387 1286.830769
178.147636 1285.974359
178.398749 1289.453608
178.649311 1288.582474
178.899655 1287.618557
179.149892 1286.082051
179.401234 1286.374359
179.652314 1288.015464
179.902688 1290.072165
180.153153 1286.938144
180.403266 1287.865979
180.653604 1288.020619
180.904076 1286.574359
181.155303 1289.407216
181.405748 1286.948454
181.655991 1288.453608
181.906284 1288.922680
182.156716 1287.015464
182.406951 1287.530928
182.657073 1287.309278
182.907139 1288.195876
183.157611 1289.731959
183.408124 1290.128866
183.658976 1284.856410
183.909891 1287.432990
184.160248 1288.000000
184.410291 1290.597938
184.661091 1286.814433
184.911234 1287.226804
185.161340 1292.453608
185.412437 1288.793814
185.662912 1291.231959
185.913912 1286.261538
186.165030 1292.417526
186.416250 1287.577320
186.666449 1282.892308
186.917141 1288.484536
187.167458 1290.010309
187.418060 1288.360825
187.668545 1288.458763
187.918814 1286.482051
188.170108 1285.646154
188.421113 1285.974359
188.672250 1285.567010
188.922326 1290.092784
189.172792 1291.195876
189.423738 1288.592784
189.674183 1287.247423
189.924522 1289.515464
190.174915 1287.819588
190.425250 1288.886598
190.675619 1288.721649
190.926133 1289.747423
191.176586 1290.659794
191.427374 1288.701031
191.677866 1288.932990
191.928348 1289.391753
192.178914 1287.402062
192.429164 1293.005155
192.680316 1287.175258
192.930623 1286.938462
193.181762 1287.231959
193.431886 1289.659794
193.682510 1288.577320
193.932954 1289.809278
194.183493 1285.502564
194.434600 1286.907216
194.684890 1287.742268
194.934919 1290.536082
195.185531 1288.520619
195.436176 1290.798969
195.687066 1285.497436
195.938198 1291.381443
196.189118 1288.876289
196.439599 1288.567010
196.690050 1287.634021
196.940220 1286.200000
197.191334 1290.092784
197.442117 1289.752577
197.692773 1287.773196
197.943187 1287.256410
198.194433 1286.205128
198.445627 1287.432990
198.695871 1286.174359
198.947039 1290.510309
199.197786 1290.371134
199.448502 1293.911917
199.698706 1288.298969
199.949099 1288.752577
200.199469 1285.661538
200.450578 1287.489691
200.700699 1286.778351
200.950785 1287.000000
201.201049 1287.850515
201.451295 1288.489691
201.701599 1288.000000
201.951969 1286.056410
202.203333 1286.856410
202.454469 1288.912371
202.704931 1290.515464
202.955694 1287.201031
203.205899 1288.525773
203.456270 1289.051546
203.706641 1282.928205
203.957492 1289.701031
204.208029 1288.278351
204.458482 1289.381443
204.708955 1288.690722
204.959249 1289.139175
205.209930 1285.784615
205.461047 1289.082474
205.711597 1286.148718
205.962955 1287.046392
206.213027 1288.309278
206.463292 1293.181347
206.713422 1287.139175
206.963491 1285.230769
207.214729 1287.597938
207.464854 1290.840206
207.715573 1285.215385
207.966749 1287.953608
208.217068 1288.268041
208.467105 1289.984536
208.717895 1288.778351
208.968288 1287.103093
209.218408 1287.835052
209.468849 1292.757732
209.719992 1288.407216
209.970188 1286.175258
210.220229 1286.969072
210.470471 1284.589744
210.721212 1288.876289
210.971795 1290.417526
211.222414 1287.278351
211.472455 1293.424870
211.722560 1286.690722
211.972647 1285.266667
212.223726 1285.574359
212.474761 1288.969072
212.725059 1288.448454
212.975477 1286.405128
213.226823 1288.515464
213.477113 1286.364103
213.728164 1285.276923
213.979403 1288.757732
214.229745 1286.158974
214.481269 1288.329897
214.731380 1288.969072
214.981716 1289.077320
215.232362 1286.979487
215.483608 1289.618557
215.734213 1285.487179
215.985339 1288.922680
216.235789 1289.742268
216.486332 1288.948454
216.736713 1291.489691
216.987625 1289.469072
217.238247 1286.312821
217.489493 1289.252577
217.740007 1286.717949
217.991220 1287.737113
218.241645 1287.169231
218.492880 1291.072165
218.743619 1286.319588
218.993629 1288.757732
219.244187 1285.476923
219.495168 1289.025773
219.745547 1287.948454
219.995865 1289.474227
220.246391 1287.324742
220.496605 1292.092784
220.747480 1287.494845
220.997705 1289.072165
221.248170 1289.381443
221.498774 1291.309278
221.749760 1287.206186
221.999927 1287.051282
222.251226 1286.394872
222.502513 1293.730570
222.752630 1287.680412
223.002812 1287.010309
223.252838 1290.587629
223.503520 1286.371134
223.753538 1287.829897
224.003616 1287.489691
224.253990 1289.948454
224.504458 1285.876923
224.755621 1288.438144
225.006003 1288.293814
225.256306 1287.536082
225.506530 1291.345361
225.757304 1284.738462
226.008488 1287.649485
226.258732 1285.774359
226.509669 1290.195876
226.760499 1289.721649
227.011119 1288.804124
227.261738 1286.897436
227.512862 1291.056701
227.763649 1286.654639
228.013664 1285.451282
228.264769 1289.195876
228.515302 1287.768041
228.765543 1290.773196
229.016313 1285.717949
229.267275 1286.768041
229.517376 1291.618557
229.768499 1287.989691
230.018779 1288.134021
230.269022 1290.608247
230.519938 1290.221649
230.770473 1287.262887
231.020678 1286.613402
231.270790 1288.881443
231.520951 1288.314433
231.771443 1287.850515
232.021558 1287.845361
232.271865 1286.329897
232.521980 1291.809278
232.772842 1287.855670
233.023063 1286.020513
233.274370 1286.891753
233.524443 1290.438144
233.775163 1287.835052
234.025307 1286.230769
234.276640 1289.237113
234.526884 1292.373057
234.776962 1286.594872
235.028287 1288.355670
235.278357 1288.819588
235.528957 1291.948454
235.779974 1290.231959
236.030587 1286.793814
236.280697 1288.427835
236.531127 1289.262887
236.781509 1287.257732
237.031697 1287.979381
237.281843 1287.762887
237.532059 1287.350515
237.782562 1285.435897
238.033567 1287.603093
238.283590 1289.216495
238.534041 1287.582474
238.784294 1286.133333
239.035546 1286.020513
239.286782 1288.067010
239.537093 1289.824742
239.787626 1285.892308
240.038836 1289.788660
240.289522 1288.407216
240.539781 1288.206186
240.790134 1290.721649
241.040727 1288.412371
241.291356 1286.615385
241.542538 1290.252577
241.793341 1289.340206
242.043744 1288.221649
242.294158 1287.654639
242.544245 1289.479381
242.794763 1286.230769
243.046174 1287.536082
243.296433 1289.515464
243.546653 1288.525773
243.797236 1286.702564
244.048535 1288.329897
244.299005 1287.200000
244.550093 1289.304124
244.800886 1286.764103
245.052101 1285.769231
245.303362 1288.252577
245.553571 1290.850515
245.804399 1289.721649
246.054931 1287.577320
246.305150 1288.711340
246.555638 1293.546392
246.806915 1285.943590
247.058103 1289.515464
247.308724 1284.748718
247.559543 1294.284974
247.809909 1286.861538
248.061041 1286.639175
248.311154 1289.144330
248.561569 1285.584615
248.812707 1288.252577
249.062965 1287.788660
249.313258 1289.855670
249.563867 1290.391753
249.814491 1286.469072
250.064598 1287.912371
250.314832 1283.066667
250.565374 1294.492228
250.815413 1286.422680
251.065421 1288.051546
251.315727 1287.175258
251.565800 1288.056701
251.816157 1286.215385
252.067267 1287.298969
252.317559 1287.587629
252.567705 1287.742268
252.818008 1286.553846
253.069160 1287.644330
253.319327 1289.835052
253.569966 1294.523316
253.820198 1289.201031
254.070840 1286.974359
254.322179 1287.881443
254.572302 1286.251282
254.823620 1288.690722
255.074066 1286.251282
255.325195 1287.231959
255.575212 1291.144330
255.826130 1287.005155
256.076391 1290.881443
256.327056 1287.855670
256.577309 1290.288660
256.827964 1287.257732
257.078091 1286.649485
257.328201 1289.902062
257.578674 1289.587629
257.829456 1288.056701
258.079807 1287.391753
258.329852 1286.025641
258.581022 1291.829897
258.832003 1287.391753
259.082187 1287.427835
259.332303 1287.082474
259.582348 1287.525773
259.832564 1285.876923
260.083681 1288.329897
260.334067 1288.273196
260.584444 1289.097938
260.834796 1288.144330
261.085115 1289.876289
261.335742 1284.005128
261.586477 1293.963731
261.836587 1283.953846
262.087640 1287.189744
262.338730 1288.041237
262.589043 1287.391753
262.839352 1287.463918
263.089395 1289.479381
263.339826 1287.242268
263.590186 1288.850515
263.840554 1290.118557
264.091128 1287.469072
264.341367 1287.917526
264.591607 1290.577320
264.842499 1286.594872
265.093554 1287.634021
265.343910 1285.938462
265.595167 1292.396907
265.846201 1287.443299
266.096277 1289.778351
266.347101 1287.680412
266.597115 1289.618557
266.847669 1287.288660
267.097804 1288.412371
267.348215 1287.077320
267.598366 1292.149485
267.849359 1288.134021
268.099505 1283.666667
268.350310 1288.216495
268.600711 1290.051546
268.851464 1289.546392
269.101859 1286.520619
269.352068 1287.205128
269.603372 1288.005155
269.853567 1290.252577
270.104140 1287.855670
270.354442 1284.348718
270.605478 1292.335052
270.856483 1287.969072
271.106790 1287.871134
271.356856 1285.876923
271.608330 1288.530928
271.858421 1287.041237
272.108633 1288.922680
272.359041 1288.360825
272.609362 1289.015464
272.859872 1287.036082
273.109887 1286.164948
273.359890 1288.164948
273.610264 1289.943299
273.860840 1288.855670
274.111265 1289.556701
274.361683 1289.541237
274.612198 1292.170984
274.862202 1289.453608
275.112725 1288.123711
275.363010 1288.036082
275.613358 1290.948454
275.864048 1286.376289
276.114132 1288.226804
276.364490 1286.769231
276.615606 1286.515464
276.865673 1287.515464
277.115735 1286.695876
277.365911 1286.789744
277.617224 1285.697436
277.868201 1286.087179
278.119299 1287.788660
278.369486 1285.758974
278.620820 1288.597938
278.871085 1286.783505
279.121279 1284.789744
279.372006 1285.892308
279.623264 1290.304124
279.874089 1287.025641
280.125386 1287.020619
280.375483 1290.175258
280.625963 1288.515464
280.876546 1287.649485
281.126734 1287.407216
281.376750 1286.381443
281.626882 1294.704663
281.876992 1285.851282
282.128111 1288.164948
282.378571 1286.618557
282.628634 1290.902062
282.879231 1287.958763
283.129525 1289.139175
283.379941 1287.479381
283.630287 1289.355670
283.880691 1288.902062
284.131148 1288.118557
284.381417 1287.185567
284.631673 1288.582474
284.882025 1286.733333
285.133175 1286.572165
285.383210 1288.350515
285.633509 1291.902062
285.884670 1288.025773
286.134852 1288.907216
286.385161 1285.061538
286.636330 1286.030928
286.886405 1287.876289
287.136447 1290.278351
287.387138 1285.897436
287.638431 1292.608247
287.889376 1286.783505
288.139452 1287.881443
288.389827 1288.309278
288.640200 1288.201031
288.890553 1287.128205
289.141670 1285.205128
289.392954 1287.865979
289.643222 1288.412371
289.893326 1288.463918
290.143842 1288.242268
290.394096 1286.030769
290.645174 1292.592784
290.896461 1290.494845
291.147089 1285.066667
291.397976 1289.067010
291.648440 1291.000000
291.899395 1288.278351
292.149834 1287.505155
292.400068 1288.644330
292.650403 1289.984536
292.900876 1283.748718
293.151597 1288.963918
293.402099 1287.649485
293.652469 1288.345361
293.902566 1287.061856
294.152868 1289.489691
294.403251 1286.175258
294.653307 1290.092784
294.903973 1289.190722
295.154215 1289.298969
295.404879 1288.948454
295.655304 1286.123077
295.906519 1288.077320
296.156723 1285.979487
296.407987 1290.850515
296.658871 1286.912371
296.908886 1288.505155
297.159193 1288.943299
297.409647 1289.376289
297.660302 1286.546392
297.910384 1286.871795
298.161539 1289.664948
298.412194 1290.902062
298.663045 1287.819588
298.913365 1285.061538
299.164212 1287.252577
299.414461 1289.572165
299.664885 1288.448454
299.915213 1287.113402
300.165408 1289.010309
300.415759 1287.938144
300.666157 1291.283505
300.916997 1286.159794
301.167012 1289.505155
301.417419 1291.257732
301.668338 1287.737113
301.918548 1289.989691
302.169250 1286.628866
302.419344 1289.860825
302.669787 1286.798969
302.919814 1288.845361
303.170393 1286.769231
303.421537 1288.639175
303.672018 1288.762887
303.922528 1290.608247
304.173419 1287.603093
304.423502 1290.628866
304.674225 1290.989691
304.924966 1287.577320
305.175298 1289.082474
305.425693 1288.520619
305.676092 1288.742268
305.926501 1287.020619
306.176758 1288.814433
306.427095 1291.597938
306.678015 1289.701031
306.928604 1286.564103
307.179951 1287.484536
307.430044 1287.479381
307.680123 1286.561856
307.930142 1281.676923
308.180630 1286.092308
308.431651 1290.752577
308.682478 1290.041237
308.933342 1287.432990
309.183343 1286.282051
309.434585 1290.381443
309.685213 1290.974227
309.936217 1288.149485
310.186405 1287.778351
310.436594 1289.304124
310.687234 1290.953608
310.937918 1285.046154
311.189083 1288.963918
311.439519 1292.896907
311.690695 1290.819588
311.941360 1285.553846
312.192536 1285.974359
312.443914 1288.072165
312.694053 1289.288660
312.944519 1288.618557
313.195023 1283.692308
313.445749 1289.407216
313.696377 1288.402062
313.946594 1288.278351
314.197002 1286.712821
314.448325 1291.231959
314.699077 1290.510309
314.949789 1286.953608
315.199938 1292.305699
315.449997 1288.572165
315.700343 1290.922680
315.951070 1286.317949
316.202171 1283.723077
316.453033 1293.237113
316.704301 1294.331606
316.954410 1287.412371
317.204525 1287.994845
317.454769 1289.123711
317.705473 1289.268041
317.955949 1287.530928
318.206131 1287.164103
318.457391 1287.835052
318.707742 1288.814433
318.958276 1289.340206
319.208607 1291.690722
319.459648 1287.268041
319.709720 1284.107692
319.960683 1286.958763
320.210692 1288.262887
320.460891 1287.948454
320.711128 1288.474227
320.961519 1289.360825
321.212211 1287.948454
321.462279 1287.469072
321.712364 1293.274611
321.962448 1289.721649
322.213192 1287.211340
322.463296 1288.520619
322.713842 1288.979381
322.964099 1287.314433
323.214288 1286.056410
323.465417 1290.804124
323.716315 1289.850515
323.966878 1287.597938
324.217252 1288.067010
324.467478 1287.963918
324.717781 1290.876289
324.968721 1288.628866
325.218957 1288.603093
325.469227 1289.536082
325.719950 1286.159794
325.969966 1288.257732
326.220358 1289.809278
326.470819 1285.143590
326.721838 1290.237113
326.972464 1287.994845
327.222756 1288.716495
327.472988 1288.273196
327.723343 1289.448454
327.974111 1288.850515
328.224398 1285.487179
328.475620 1288.298969
328.725926 1289.680412
328.976360 1288.345361
329.226719 1286.138462
329.477972 1290.783505
329.728780 1287.871134
329.979079 1287.798969
330.229257 1285.523077
330.480406 1286.400000
330.731497 1290.953608
330.982319 1286.128866
331.232468 1289.185567
331.482877 1291.577320
331.733920 1288.561856
331.984225 1285.420513
332.235199 1288.731959
332.485517 1286.112821
332.736648 1288.701031
332.987103 1288.546392
333.237508 1288.510309
333.488131 1288.721649
333.738410 1292.097938
333.989343 1287.438144
334.239485 1289.123711
334.490000 1288.340206
334.740357 1287.190722
334.990520 1288.386598
335.240767 1291.623711
335.491731 1285.866667
335.742925 1285.861538
335.994053 1289.726804
336.244635 1286.292308
336.495856 1289.242268
336.746500 1288.355670
336.996744 1291.118557
337.247680 1288.963918
337.498147 1288.948454
337.748390 1286.407216
337.998452 1287.561856
338.248641 1287.711340
338.498912 1288.103093
338.749126 1287.417526
338.999351 1287.221649
339.249387 1289.948454
339.500086 1289.943299
339.750601 1285.200000
340.001605 1286.164948
340.251613 1289.458763
340.502170 1287.793814
340.752429 1288.639175
341.002763 1286.752577
341.252808 1288.211340
341.503340 1289.087629
341.753426 1291.396907
342.004651 1290.463918
342.255235 1284.282051
342.506011 1289.989691
342.756649 1290.123711
343.007434 1287.860825
343.257634 1285.200000
343.508453 1290.958763
343.759662 1287.379487
344.010807 1288.567010
344.261270 1286.902062
344.511447 1288.969072
344.762007 1287.577320
345.012023 1292.587629
345.263093 1284.984615
345.514178 1290.510309
345.764956 1287.169231
346.016386 1288.871134
346.266686 1285.861538
346.517732 1285.420513
346.768923 1288.536082
347.019280 1292.515464
347.270437 1286.010256
347.521544 1291.020619
347.772393 1286.697436
348.023729 1289.752577
348.274337 1287.097436
348.525513 1288.092784
348.775787 1286.716495
349.026021 1289.396907
349.276440 1287.654639
349.526754 1286.989744
349.778076 1289.190722
350.028602 1291.592784
350.279413 1287.788660
350.529661 1284.456410
350.780542 1290.030928
351.031181 1292.335052
351.282347 1287.927835
351.532512 1288.675258
351.782890 1290.453608
352.033720 1288.396907
352.284017 1286.675258
352.534273 1287.927835
352.784274 1287.731959
353.034513 1289.567010
353.285034 1286.752577
353.535067 1291.489691
353.786021 1287.195876
354.036238 1293.103093
354.287498 1286.762887
354.537499 1289.164948
354.788106 1287.252577
355.038275 1290.123711
355.288867 1285.784615
355.539836 1291.335052
355.790901 1288.082474
356.041148 1289.891753
356.291791 1286.041026
356.542954 1290.747423
356.793768 1292.556701
357.044848 1291.530928
357.295801 1288.113402
357.546102 1289.850515
357.796692 1286.804124
358.046925 1290.010309
358.297472 1288.226804
358.547611 1290.721649
358.798468 1287.896907
359.048790 1287.752577
359.299130 1288.097938
359.549375 1290.479381
359.800008 1287.757732
360.050320 1285.933333
360.301506 1286.153846
360.552726 1287.932990
360.803007 1290.463918
361.053612 1288.350515
361.303936 1286.865979
361.554219 1291.360825
361.804930 1287.314433
362.055052 1289.525773
362.305696 1287.927835
362.555885 1287.737113
362.806225 1290.000000
363.056615 1288.747423
363.307231 1286.512821
363.558649 1289.489691
363.808973 1288.592784
364.059264 1289.201031
364.309804 1286.804124
364.560080 1288.685567
364.810427 1286.128205
365.061558 1290.639175
365.312404 1286.666667
365.563616 1289.185567
365.814043 1286.046392
366.064179 1288.670103
366.314488 1289.706186
366.564975 1284.794872
366.815964 1287.675258
367.066233 1289.082474
367.316588 1291.144330
367.567513 1287.407216
367.817643 1289.747423
368.068379 1292.293814
368.319434 1286.389744
368.570593 1286.092308
368.821762 1287.582474
369.071992 1288.257732
369.322450 1289.020619
369.572831 1288.762887
369.823162 1286.333333
370.074213 1291.164948
370.325231 1288.716495
370.575644 1286.035897
370.826861 1289.469072
371.077499 1290.639175
371.328149 1283.943590
371.579139 1289.407216
371.829519 1287.381443
372.079624 1288.706186
372.329985 1286.427835
372.580132 1286.861538
372.831437 1291.902062
373.082237 1284.364103
373.333295 1290.412371
373.584052 1286.825641
373.835284 1286.742268
374.085371 1288.515464
374.335697 1287.659794
374.585965 1288.329897
374.836090 1287.670103
375.086356 1290.257732
375.337210 1286.871795
375.588443 1290.762887
375.839063 1287.340206
376.089329 1289.097938
376.339993 1285.646154
376.590853 1288.252577
376.841338 1289.438144
377.091934 1289.262887
377.342283 1288.108247
377.592641 1288.360825
377.842922 1287.195876
378.093019 1288.123711
378.343421 1288.159794
378.593621 1286.288660
378.843735 1288.819588
379.093897 1284.569231
379.345082 1289.298969
379.595395 1289.644330
379.845962 1290.654639
380.096781 1291.005155
380.347843 1289.360825
380.598160 1287.134021
380.848242 1288.927835
381.098786 1286.261538
381.350177 1287.927835
381.600305 1288.695876
381.850607 1287.510309
382.100703 1291.546392
382.351853 1287.252577
382.601902 1287.984536
382.852009 1287.298969
383.102277 1291.360825
383.353077 1287.860825
383.603444 1286.979381
383.853495 1287.819588
384.103662 1293.103093
384.354785 1286.407216
384.604963 1286.794872
384.856195 1290.180412
385.106811 1286.546392
385.356940 1289.252577
385.607241 1289.577320
385.857969 1283.830769
386.108608 1288.541237
386.359030 1288.850515
386.609627 1289.164948
386.860126 1288.649485
387.110408 1286.471795
387.361607 1287.139175
387.611731 1286.963918
387.861910 1288.463918
388.112160 1291.185567
388.363037 1288.412371
388.613418 1288.623711
388.863814 1286.541237
389.114024 1289.273196
389.364320 1286.076923
389.615341 1288.865979
389.865982 1289.149485
390.116360 1288.695876
390.366921 1288.613402
390.617507 1286.912821
390.868508 1288.005155
391.118730 1290.175258
391.369407 1286.500000
391.619485 1291.809278
391.870398 1288.634021
392.120996 1286.302564
392.372096 1287.974227
392.622333 1287.747423
392.872477 1285.220513
393.123594 1288.623711
393.373881 1289.273196
393.624441 1284.897436
393.875384 1287.479381
394.125736 1296.901554
394.376181 1287.371134
394.626398 1288.752577
394.876756 1285.476923
395.127867 1290.474227
395.378747 1286.538462
395.629823 1287.257732
395.880130 1288.963918
396.130329 1289.170103
396.381079 1288.783505
396.631358 1289.159794
396.881839 1288.118557
397.132159 1288.463918
397.382463 1287.675258
397.632656 1286.778351
397.882815 1285.805128
398.133930 1289.505155
398.384441 1288.865979
398.634848 1288.907216
398.885434 1287.917526
399.135752 1289.381443
399.386130 1287.278351
399.636272 1288.407216
399.886553 1289.489691
400.137147 1288.768041
400.387503 1286.056410
400.638863 1287.814433
400.888946 1285.820513
401.140170 1290.752577
401.390897 1287.231959
401.641237 1289.077320
401.891539 1284.210256
402.142279 1290.005155
402.392999 1289.840206
402.643569 1281.964103
402.894058 1292.319588
403.145086 1286.630769
403.396573 1288.979381
403.646837 1287.067010
403.896952 1288.355670
404.147412 1289.412371
404.397766 1291.365979
404.648898 1287.762887
404.899038 1288.917526
405.149574 1288.221649
405.399730 1288.670103
405.650163 1289.360825
405.900582 1287.520619
406.150817 1292.118557
406.402100 1286.153846
406.653201 1291.000000
406.904277 1288.659794
407.154370 1289.479381
407.404789 1287.097938
407.655108 1286.794872
407.906384 1288.716495
408.156639 1290.608247
408.407476 1286.432990
408.657574 1287.979381
408.907852 1285.471795
409.158765 1292.175258
409.409817 1289.458763
409.660368 1286.051546
409.910431 1288.762887
410.160685 1290.613402
410.411663 1291.551546
410.662407 1287.257732
410.912660 1288.283505
411.162998 1289.989691
411.413453 1285.076923
411.664562 1287.974227
411.914967 1289.969072
412.165541 1284.912821
412.416387 1289.067010
412.666857 1289.072165
412.917393 1289.618557
413.167925 1288.958763
413.418495 1288.711340
413.668774 1288.350515
413.919043 1288.046392
414.169469 1287.556701
414.419730 1290.721649
414.670550 1287.262887
414.920588 1287.417526
415.170947 1290.329897
415.421462 1286.984536
415.671496 1288.479381
415.921783 1287.711340
416.172017 1287.938144
416.422391 1287.505155
416.672526 1288.000000
416.922731 1286.876289
417.172968 1285.830769
417.424069 1287.350515
417.674272 1289.984536
417.924763 1284.179487
418.175752 1290.288660
418.426316 1286.922680
418.676317 1289.752577
418.927193 1286.579487
419.178385 1289.695876
419.429003 1287.170103
419.679111 1285.328205
419.930142 1290.365979
420.180828 1288.190722
420.431226 1288.819588
420.681566 1287.515464
420.931855 1288.072165
421.182135 1287.793814
421.432185 1289.974227
421.682731 1289.345361
421.933426 1289.788660
422.183984 1283.574359
422.434882 1287.917526
422.684968 1286.876289
422.935020 1290.216495
423.185723 1289.036082
423.436400 1286.374359
423.687415 1286.190722
423.937487 1289.659794
424.188250 1288.118557
424.438341 1285.835897
424.689319 1286.561856
424.939460 1287.201031
425.189670 1290.030928
425.440240 1288.170103
425.690586 1286.175258
425.940671 1289.561856
426.191232 1287.345361
426.441419 1287.175258
426.691490 1286.348718
426.942587 1287.804124
427.193066 1288.108247
427.443308 1287.917526
427.693574 1286.391753
427.943715 1288.231959
428.193878 1289.479381
428.444536 1286.701031
428.694543 1290.386598
428.945309 1286.246154
429.196585 1287.922680
429.446867 1289.680412
429.697383 1290.242268
429.948232 1288.644330
430.198668 1287.046392
430.448693 1289.634021
430.699371 1286.476923
430.950560 1287.500000
431.200752 1289.984536
431.451397 1287.850515
431.701687 1288.773196
431.952227 1286.543590
432.203449 1287.979381
432.453976 1292.489691
432.704929 1285.855670
432.954935 1286.512821
433.206281 1290.144330
433.456805 1286.309278
433.706930 1286.082051
433.958110 1287.943299
434.208558 1287.323077
434.459706 1287.469072
434.710071 1286.589744
434.961366 1290.041237
435.211899 1289.474227
435.462693 1290.010309
435.713144 1286.432990
435.963416 1285.753846
436.214278 1289.278351
436.464720 1288.840206
436.715356 1287.298969
436.965511 1285.738462
437.216656 1286.594872
437.468014 1293.365979
437.719288 1285.174359
437.970230 1287.891753
438.220817 1290.005155
438.471103 1289.494845
438.721709 1287.798969
438.971957 1288.139175
439.222289 1289.783505
439.473060 1292.747423
439.724058 1293.051813
439.974290 1286.456410
440.225664 1291.293814
440.476353 1285.815385
440.727520 1287.762887
440.977815 1289.201031
441.228442 1290.448454
441.479071 1286.835052
441.729360 1289.231959
441.979685 1286.144330
442.229732 1290.902062
442.480495 1287.335052
442.730849 1287.206186
442.980940 1289.381443
443.231394 1285.912821
443.482598 1290.850515
443.733434 1287.041237
443.983451 1286.721649
444.233591 1291.824742
444.484534 1289.520619
444.735057 1287.103093
444.985290 1288.494845
445.235648 1287.231959
445.485710 1287.489691
445.735997 1284.948718
445.987136 1288.453608
446.237572 1289.288660
446.488120 1292.860825
446.739245 1287.536082
446.989398 1287.041237
447.239452 1288.345361
447.489799 1290.149485
447.740482 1292.155440
447.990577 1286.025641
448.241493 1290.185567
448.492247 1286.324742
448.742400 1287.123711
448.992533 1288.293814
449.242727 1282.343590
449.493235 1293.455959
449.743249 1288.010309
449.993681 1286.076923
450.244700 1285.861538
450.496125 1289.355670
450.746404 1288.206186
450.996717 1289.458763
451.247126 1287.144330
451.497353 1287.448454
451.747615 1288.613402
451.997966 1287.850515
452.248050 1288.953608
452.498402 1286.278351
452.748459 1287.283505
452.998734 1290.324742
453.249431 1286.974227
453.499448 1292.314433
453.750451 1287.530928
454.000585 1286.701031
454.250824 1291.742268
454.501744 1288.747423
454.752031 1290.005155
455.002746 1286.458763
455.252806 1288.510309
455.503061 1290.087629
455.753597 1284.928205
456.004997 1290.175258
456.255366 1291.329897
456.506311 1288.974227
456.756790 1285.800000
457.007941 1286.805128
457.259153 1288.675258
457.509548 1288.613402
457.760092 1289.525773
458.010426 1286.164948
458.260556 1289.469072
458.510912 1287.701031
458.761192 1291.664948
459.012209 1286.912371
459.262247 1285.830769
459.513448 1291.386598
459.764293 1290.118557
460.015150 1287.345361
460.265195 1289.896907
460.515660 1287.989691
460.766065 1289.391753
461.016544 1288.938144
461.266867 1290.675258
461.517888 1289.623711
461.768233 1289.422680
462.018981 1287.484536
462.269046 1284.230769
462.520002 1291.752577
462.770851 1283.933333
463.021635 1289.824742
463.272310 1290.180412
463.522901 1289.520619
463.773512 1288.804124
464.023911 1286.302564
464.275183 1291.659794
464.526076 1290.030928
464.776870 1284.805128
465.027796 1286.348718
465.278934 1287.675258
465.529060 1288.917526
465.779564 1288.835052
466.030033 1288.510309
466.280339 1291.190722
466.531188 1289.283505
466.781790 1287.623711
467.031943 1289.201031
467.282345 1286.742268
467.532482 1288.927835
467.782895 1288.623711
468.033396 1288.567010
468.283520 1288.221649
468.533890 1288.701031
468.784396 1287.283505
469.034458 1285.143590
469.285556 1294.834197
469.535829 1286.430769
469.786921 1286.613402
470.037158 1289.664948
470.287666 1286.865979
470.537774 1286.066667
470.788864 1288.139175
471.039287 1286.256410
471.290305 1287.000000
471.540515 1290.396907
471.791320 1289.417526
472.041604 1285.707692
472.292716 1284.502564
472.543732 1287.742268
472.793954 1291.041237
473.044840 1287.695876
473.295075 1286.030769
473.546332 1288.376289
473.796620 1287.287179
474.047916 1286.441026
474.299019 1287.427835
474.549287 1290.469072
474.800091 1289.912371
475.050720 1286.092308
475.301822 1289.536082
475.552301 1289.577320
475.802949 1288.015464
476.053200 1288.505155
476.303721 1288.438144
476.553844 1288.902062
476.804401 1289.025773
477.054763 1287.762887
477.305146 1291.335052
477.556039 1287.860825
477.806097 1288.041237
478.056435 1289.278351
478.306756 1286.355670
478.556918 1291.458763
478.807925 1285.230769
479.058904 1287.391753
479.309058 1288.134021
479.559197 1290.340206
479.809962 1290.340206
480.060720 1286.639175
480.310838 1287.210256
480.562276 1286.830769
480.813525 1290.814433
481.064462 1287.107692
481.315510 1287.726804
481.565866 1290.623711
481.816576 1288.510309
482.066944 1289.293814
482.317411 1286.402062
482.567473 1289.427835
482.818039 1287.845361
483.068256 1285.241026
483.319319 1290.051546
483.569974 1291.994845
483.820956 1289.592784
484.071636 1285.979487
484.322720 1287.170103
484.573035 1288.381443
484.823215 1288.005155
485.073557 1288.072165
485.323993 1285.451282
485.575052 1289.551546
485.825668 1287.907216
486.075926 1286.814433
486.326117 1288.798969
486.576383 1290.072165
486.827077 1286.324742
487.077324 1285.056410
487.328200 1291.067010
487.578936 1288.659794
487.829192 1285.507692
488.080465 1289.963918
488.331007 1288.639175
488.581526 1286.241026
488.832734 1284.225641
489.083638 1287.314433
489.333910 1289.118557
489.584278 1290.350515
489.835114 1291.051546
490.085675 1287.118557
490.335983 1288.742268
490.586256 1287.659794
490.836453 1285.389744
491.087601 1287.783505
491.337841 1289.159794
491.588214 1290.788660
491.839366 1290.226804
492.090096 1286.825641
492.341389 1284.994872
492.592170 1290.953608
492.843078 1286.932990
493.093232 1287.860825
493.343481 1289.690722
493.594169 1288.474227
493.844371 1286.809278
494.094588 1288.783505
494.344914 1286.469072
494.594937 1286.153846
494.846211 1286.798969
495.096316 1291.262887
495.347206 1285.333333
495.598444 1292.036082
495.849337 1289.850515
496.099954 1285.205128
496.351066 1285.728205
496.602133 1290.226804
496.852876 1288.881443
497.103326 1288.659794
497.353773 1286.546392
497.603781 1287.814433
497.854102 1290.175258
498.104682 1286.242268
498.354785 1286.117949
498.606079 1289.350515
498.856586 1286.733333
499.107846 1286.271795
499.359185 1288.005155
499.609264 1288.092784
499.859703 1288.561856
500.110036 1290.097938
500.360733 1285.896907
500.610737 1291.597938
500.861714 1286.282051
501.113071 1289.082474
501.363415 1285.456410
501.614496 1288.737113
501.864984 1286.329897
502.115028 1288.020619
502.365298 1286.546392
502.615323 1291.304124
502.866172 1285.779487
503.117310 1287.324742
503.367567 1287.695876
503.617746 1291.257732
503.868631 1287.010309
504.118872 1287.025773
504.368881 1287.850515
504.619112 1292.572165
504.870408 1287.634021
505.120893 1287.235897
505.372082 1287.969072
505.622221 1290.443299
505.873031 1286.427835
506.123122 1288.108247
506.373518 1287.706186
506.623645 1289.515464
506.874267 1287.417526
507.124368 1289.216495
507.374852 1288.206186
507.625323 1291.061856
507.876112 1284.825641
508.127211 1287.644330
508.377494 1287.891753
508.627600 1292.396907
508.878681 1286.505155
509.128793 1289.319588
509.379153 1288.752577
509.629721 1288.886598
509.880209 1284.261538
510.130998 1285.435897
510.382055 1289.216495
510.632602 1288.886598
510.883140 1289.293814
511.133484 1287.448454
511.383652 1287.860825
511.633878 1290.020619
511.884629 1291.896907
512.135587 1286.805128
512.386682 1285.979381
512.636845 1293.515464
512.888047 1287.546392
513.138260 1286.071795
513.389504 1287.938144
513.639652 1292.371134
513.890796 1287.170103
514.140864 1289.876289
514.391560 1288.505155
514.642164 1288.835052
514.892235 1289.979381
515.143018 1287.561856
515.393144 1287.690722
515.643479 1290.123711
515.893878 1288.731959
516.144304 1286.726804
516.394513 1288.427835
516.644771 1286.737113
516.894919 1287.134021
517.144928 1286.072165
517.394962 1288.737113
517.645397 1287.384615
517.896572 1283.912821
518.147430 1289.298969
518.397758 1286.324742
518.647834 1290.855670
518.898591 1284.574359
519.149643 1288.742268
519.399986 1289.288660
519.650502 1289.201031
519.901007 1286.927835
520.151135 1288.927835
520.401413 1285.206186
520.651481 1286.194872
520.902448 1288.824742
521.152872 1287.922680
521.403107 1287.087629
521.653241 1288.391753
521.903640 1286.092308
522.154717 1287.994845
522.404993 1287.706186
522.655266 1287.922680
522.905384 1288.984536
523.155866 1286.865979
523.405890 1287.762887
523.656095 1287.891753
523.906480 1286.538462
524.157798 1288.520619
524.407953 1286.345361
524.657991 1287.309278
524.908254 1288.969072
525.158658 1290.365979
525.409203 1287.932990
525.659554 1287.603093
525.909792 1290.180412
526.160424 1288.036082
526.410666 1293.259067
526.660799 1285.912821
526.911829 1288.561856
527.162139 1288.891753
527.412638 1286.051282
527.664021 1288.072165
527.914117 1284.261538
528.165039 1288.742268
528.415333 1288.087629
528.665608 1290.118557
528.916319 1288.262887
529.166639 1285.564103
529.417816 1287.252577
529.667947 1289.386598
529.918501 1289.319588
530.169032 1285.543590
530.420007 1287.103093
530.670220 1289.298969
530.920607 1286.314433
531.170796 1286.922680
531.420855 1289.231959
531.671263 1287.561856
531.921553 1286.169231
532.172711 1286.798969
532.422977 1293.391753
532.674256 1288.412371
532.924450 1287.453608
533.174867 1286.928205
533.425957 1288.185567
533.676477 1286.456410
533.927577 1288.448454
534.177903 1287.350515
534.428170 1286.528205
534.679397 1286.333333
534.930751 1285.169231
535.181617 1288.577320
535.431937 1291.917526
535.683137 1286.133333
535.934644 1287.927835
536.184654 1286.891753
536.434913 1291.206186
536.685747 1289.479381
536.936214 1285.800000
537.187432 1289.850515
537.438045 1288.979381
537.688552 1287.824742
537.938855 1286.461538
538.189950 1288.737113
538.440568 1289.778351
538.691179 1288.747423
538.941635 1286.328205
539.192847 1287.170103
539.442861 1289.664948
539.693416 1288.500000
539.943816 1289.046392
540.194379 1290.041237
540.445019 1285.820513
540.696294 1287.850515
540.946446 1287.752577
541.196854 1289.644330
541.447364 1286.695876
541.697489 1287.912371
541.947891 1286.974359
542.199160 1289.041237
542.449512 1284.907692
542.700595 1294.632124
542.950726 1288.448454
543.201015 1283.466667
543.451822 1286.711340
543.702181 1289.268041
543.952389 1291.932990
544.203515 1288.350515
544.453924 1287.670103
544.704101 1291.819588
544.955253 1286.651282
545.206522 1285.892308
545.457876 1289.963918
545.708373 1286.963918
545.958433 1288.443299
546.208817 1288.262887
546.459099 1291.448454
546.710059 1288.938144
546.960625 1286.600000
547.211860 1287.396907
547.462082 1288.015464
547.712174 1288.659794
547.962698 1286.283505
548.212725 1286.195876
548.462735 1289.396907
548.713203 1285.476923
548.964231 1286.984536
549.214295 1288.721649
549.464649 1288.814433
549.715282 1289.278351
549.965854 1288.835052
550.216099 1284.887179
550.467285 1288.613402
550.717496 1288.309278
550.967807 1286.541237
551.217824 1287.649485
551.468077 1286.556701
551.718129 1287.252577
551.968398 1287.706186
552.218685 1286.170103
552.468722 1289.886598
552.719065 1289.505155
552.969871 1288.567010
553.220009 1287.706186
553.470486 1288.262887
553.720710 1287.896907
553.970995 1288.835052
554.221502 1285.789744
554.472649 1288.953608
554.723130 1292.360825
554.974296 1285.246154
555.225271 1287.845361
555.475645 1286.420513
555.726975 1288.170103
555.977309 1287.020513
556.228356 1285.030769
556.479691 1288.587629
556.729879 1288.798969
556.980268 1286.778351
557.230550 1284.794872
557.481513 1288.144330
557.731768 1290.855670
557.982356 1287.922680
558.232647 1290.108247
558.483477 1288.505155
558.733818 1290.381443
558.984474 1285.687179
559.235578 1287.097938
559.485666 1289.943299
559.736491 1289.283505
559.987026 1288.396907
560.237564 1286.605128
560.488503 1289.118557
560.739085 1285.748718
560.990574 1289.391753
561.240987 1289.247423
561.491275 1289.020619
561.741957 1285.574359
561.993134 1284.420513
562.243894 1287.201031
562.493952 1288.149485
562.744404 1291.824742
562.995340 1286.335052
563.245492 1285.097436
563.496590 1288.850515
563.746896 1288.654639
563.997326 1286.283505
564.247435 1287.618557
564.497464 1291.139175
564.748443 1287.835052
564.998579 1287.170103
565.248895 1286.194872
565.500027 1286.201031
565.750051 1289.386598
566.000757 1286.810256
566.251828 1287.654639
566.501985 1288.448454
566.752361 1289.000000
567.002847 1289.494845
567.253428 1286.005128
567.504733 1291.860825
567.755651 1288.989691
568.006287 1289.108247
568.256778 1288.252577
568.507134 1286.175258
568.757213 1293.927835
569.008423 1286.659794
569.258502 1287.371134
569.508600 1288.030928
569.758938 1290.262887
570.009756 1288.628866
570.259940 1286.164103
570.511390 1290.427835
570.761957 1291.773196
571.012912 1288.659794
571.263296 1287.536082
571.513493 1289.185567
571.764059 1287.706186
572.014260 1284.128205
572.265092 1288.644330
572.515415 1287.536082
572.765672 1288.242268
573.016060 1286.558974
573.267260 1286.430769
573.518521 1288.824742
573.768799 1287.123711
574.018883 1287.051546
574.269095 1287.489691
574.519143 1289.077320
574.769775 1289.664948
575.020324 1285.958974
575.271543 1286.871795
575.522735 1287.618557
575.773119 1289.427835
576.023494 1287.721649
576.273681 1287.190722
576.523957 1289.118557
576.774270 1283.574359
577.025045 1287.592784
577.275193 1287.762887
577.525353 1289.005155
577.775823 1289.623711
578.026561 1288.237113
578.277038 1290.185567
578.527539 1287.067010
578.777611 1289.273196
579.028156 1290.768041
579.278843 1291.164948
579.529869 1287.644330
579.779985 1284.374359
580.030746 1292.000000
580.281821 1286.474227
580.531872 1288.113402
580.782203 1286.841026
581.033492 1285.697436
581.284709 1289.170103
581.535241 1285.548718
581.786169 1291.587629
582.037098 1286.374359
582.288433 1289.340206
582.538779 1288.015464
582.789044 1289.778351
583.039784 1290.917526
583.290420 1289.082474
583.541004 1289.087629
583.791607 1287.690722
584.041712 1286.886598
584.291864 1285.461538
584.542831 1289.953608
584.793696 1289.541237
585.044101 1288.087629
585.294348 1287.180412
585.544518 1289.881443
585.795063 1289.798969
586.045666 1287.613402
586.296094 1285.092308
586.547094 1289.551546
586.797481 1286.876289
587.047595 1286.456410
587.298693 1288.737113
587.549148 1291.572165
587.800286 1286.753846
588.051420 1285.533333
588.302635 1287.922680
588.552808 1291.690722
588.803863 1289.077320
589.054197 1287.731959
589.304466 1290.742268
589.555068 1285.984536
589.805199 1285.020513
590.056263 1285.451282
590.307192 1287.726804
590.557296 1289.015464
590.807798 1288.824742
591.058093 1289.448454
591.308772 1286.860825
591.558898 1286.728205
591.810188 1292.092784
592.061082 1289.051546
592.311612 1289.056701
592.562198 1285.461538
592.813186 1291.608247
593.064260 1289.886598
593.314717 1289.407216
593.565245 1287.840206
593.815459 1289.381443
594.065964 1288.201031
594.316417 1288.572165
594.566807 1287.989691
594.816901 1289.072165
595.067544 1293.061856
595.318858 1286.707692
595.570053 1288.087629
595.820393 1286.302564
596.071493 1289.123711
596.321985 1289.510309
596.572612 1289.494845
596.823366 1285.738462
597.074441 1286.558974
597.325644 1290.979381
597.576340 1285.917949
597.827641 1289.257732
598.077960 1287.912371
598.328274 1288.432990
598.578616 1285.528205
598.829591 1285.343590
599.080897 1288.757732
599.331007 1288.164948
599.581508 1285.953846
599.832799 1287.826416
-----------------------------------
MEMD, exp1_memcached_out, 4652458.000000, 37.000000, 1287.798311, 90.632533, 1276.000000, 1509.000000, 1589.000000, 1655.000000, 12000.000000, 1290.983346, 849.645809
