0.000000 1185.094787
0.250403 1289.907216
0.501094 1288.685567
0.751417 1288.247423
1.001607 1286.360825
1.251666 1287.603093
1.501856 1284.769231
1.752722 1289.335052
2.003518 1286.389744
2.254491 1285.680412
2.504565 1287.525773
2.754720 1289.159794
3.005033 1287.979381
3.255211 1287.793814
3.505541 1286.728205
3.756833 1285.994872
4.008003 1288.618557
4.258323 1290.443299
4.509045 1285.692308
4.760263 1286.420513
5.011427 1288.118557
5.261760 1286.458763
5.511778 1289.247423
5.762200 1289.345361
6.012719 1287.871134
6.262943 1287.536082
6.513252 1286.866667
6.764655 1288.757732
7.014791 1288.005155
7.265097 1287.118557
7.515138 1286.417526
7.765204 1287.489691
8.015268 1287.706186
8.265376 1288.896907
8.515833 1286.410256
8.766996 1286.917526
9.017204 1288.762887
9.267399 1287.036082
9.517497 1290.494845
9.768252 1287.530928
10.018647 1288.711340
10.268952 1285.584615
10.519862 1286.659794
10.769988 1289.185567
11.020264 1285.420513
11.271622 1287.845361
11.521700 1287.371134
11.771826 1289.170103
12.022252 1288.118557
12.272465 1289.474227
12.523113 1286.630769
12.774350 1286.974227
13.024513 1289.242268
13.274957 1289.108247
13.525588 1286.138462
13.776807 1290.907216
14.027609 1286.690722
14.277617 1285.076923
14.528660 1289.639175
14.779308 1284.430769
15.030333 1287.938144
15.280352 1285.646154
15.531638 1288.639175
15.782217 1285.953846
16.033200 1289.500000
16.283838 1287.484536
16.534031 1286.871134
16.784101 1287.216495
17.034214 1289.360825
17.284606 1288.515464
17.534979 1288.670103
17.785419 1285.943590
18.036515 1288.257732
18.287076 1288.644330
18.537384 1288.824742
18.787832 1289.752577
19.038421 1286.435897
19.289556 1286.297436
19.540666 1288.000000
19.790935 1288.051546
20.041296 1289.628866
20.291805 1285.205128
20.542988 1291.242268
20.793846 1285.389744
21.045004 1289.783505
21.295414 1286.994845
21.545478 1287.556701
21.795702 1286.685567
22.045708 1285.625641
22.296927 1286.958763
22.547055 1287.500000
22.797067 1287.175258
23.047390 1289.793814
23.297799 1287.128866
23.547927 1288.716495
23.798501 1285.707692
24.049451 1289.304124
24.299874 1289.010309
24.550323 1287.314433
24.800431 1285.887179
25.051738 1288.061856
25.301857 1287.211340
25.551949 1290.407216
25.802753 1284.820513
26.054036 1288.932990
26.304133 1285.938462
26.555493 1289.041237
26.805980 1286.502564
27.057161 1288.231959
27.307421 1286.266667
27.558699 1290.582474
27.809343 1287.376289
28.059575 1288.180412
28.310003 1285.005128
28.560804 1290.500000
28.811562 1286.541237
29.061580 1289.432990
29.312049 1287.634021
29.562381 1290.623711
29.813082 1286.969072
30.063351 1287.123077
30.314390 1286.886598
30.564614 1289.505155
30.815097 1285.553846
31.066265 1290.597938
31.316885 1287.072165
31.566950 1289.231959
31.817373 1285.174359
32.068518 1288.072165
32.318708 1290.592784
32.569413 1288.989691
32.819804 1287.010309
33.069880 1287.262887
33.319933 1286.505155
33.570126 1291.051546
33.820790 1287.757732
34.070928 1288.505155
34.321268 1289.989691
34.571975 1288.097938
34.822163 1288.953608
35.072598 1287.092784
35.322711 1287.902062
35.572909 1288.768041
35.823304 1287.469072
36.073615 1288.984536
36.323934 1287.747423
36.574126 1287.742268
36.824315 1287.046392
37.074520 1287.273196
37.324633 1289.345361
37.574922 1288.938144
37.825295 1288.324742
38.075700 1289.082474
38.326110 1286.783505
38.576353 1288.809278
38.826398 1288.551546
39.076819 1289.422680
39.327623 1288.139175
39.577651 1289.716495
39.828244 1288.293814
40.078565 1286.979381
40.328767 1289.417526
40.579318 1287.307692
40.830547 1286.097938
41.080615 1288.850515
41.330782 1285.651282
41.581884 1287.525773
41.832141 1285.600000
42.083115 1289.592784
42.333619 1288.865979
42.584006 1283.661538
42.834792 1286.737113
43.084963 1288.412371
43.335145 1288.376289
43.585597 1283.312821
43.836031 1288.195876
44.086401 1289.829897
44.336904 1288.695876
44.587310 1288.922680
44.837701 1285.851282
45.088904 1288.737113
45.339384 1286.261538
45.590503 1291.381443
45.841368 1291.051546
46.092273 1285.659794
46.342286 1291.097938
46.592980 1286.512821
46.844301 1290.664948
47.094863 1286.567010
47.344876 1286.143590
47.596255 1292.025773
47.847105 1286.768041
48.097291 1285.717949
48.348468 1286.241026
48.599504 1290.902062
48.850204 1285.102564
49.101388 1288.927835
49.351726 1288.154639
49.601926 1288.061856
49.852198 1289.695876
50.102742 1288.752577
50.353328 1290.618557
50.603976 1288.479381
50.854236 1286.783505
51.104238 1288.695876
51.354583 1286.675258
51.604690 1289.917526
51.855333 1283.466667
52.105959 1288.515464
52.356321 1288.319588
52.606515 1288.768041
52.856939 1285.928205
53.108253 1288.567010
53.358402 1286.989691
53.608583 1290.422680
53.859183 1285.764103
54.110535 1287.721649
54.360554 1287.855670
54.610707 1287.958763
54.861046 1286.784615
55.112355 1287.690722
55.362493 1287.675258
55.612643 1288.639175
55.863088 1288.510309
56.113386 1287.943299
56.363631 1290.221649
56.614364 1288.556701
56.864599 1285.871795
57.115666 1287.809278
57.365968 1287.262887
57.616214 1289.360825
57.866750 1291.134021
58.117370 1284.266667
58.368387 1290.505155
58.618976 1288.051546
58.869229 1287.051546
59.119268 1285.707692
59.370497 1289.974227
59.621105 1290.185567
59.871893 1286.066667
60.122916 1289.206186
60.373413 1286.615385
60.624588 1288.953608
60.875215 1288.726804
61.125520 1287.953608
61.375812 1286.543590
61.626990 1288.737113
61.877393 1286.829897
62.127512 1291.422680
62.378265 1287.242268
62.628507 1289.572165
62.879074 1285.758974
63.130149 1288.515464
63.380483 1290.283505
63.630947 1287.778351
63.881424 1287.324742
64.131458 1287.118557
64.381547 1288.716495
64.631987 1291.953608
64.882885 1288.603093
65.133495 1287.778351
65.383620 1289.829897
65.634021 1286.312821
65.885307 1286.541237
66.135455 1289.706186
66.385915 1286.220513
66.636929 1286.798969
66.886982 1285.487179
67.138154 1287.634021
67.388338 1288.845361
67.638730 1287.793814
67.889026 1287.577320
68.139259 1289.185567
68.389565 1285.717949
68.640729 1288.804124
68.890995 1287.097938
69.141224 1288.515464
69.391502 1287.788660
69.641638 1287.659794
69.891886 1287.752577
70.142023 1290.417526
70.392766 1288.247423
70.643190 1286.594872
70.894584 1284.764103
71.145512 1287.097436
71.396800 1289.855670
71.647393 1284.707692
71.898331 1287.659794
72.148393 1289.448454
72.398977 1288.108247
72.649332 1288.927835
72.899590 1288.061856
73.149909 1286.932990
73.399931 1289.809278
73.650697 1289.304124
73.901119 1287.484536
74.151300 1287.479381
74.401365 1288.912371
74.651718 1287.211340
74.901974 1289.592784
75.152510 1287.773196
75.402707 1288.541237
75.652936 1288.634021
75.903352 1286.369231
76.154667 1288.804124
76.405037 1288.432990
76.655334 1286.302564
76.906660 1287.010309
77.156830 1287.451282
77.408273 1288.288660
77.658286 1288.139175
77.908669 1287.381443
78.158914 1286.517949
78.410179 1289.561856
78.660481 1286.623711
78.910646 1289.603093
79.161157 1285.497436
79.412345 1288.463918
79.662765 1287.613402
79.912786 1286.324742
80.162805 1290.639175
80.413484 1287.927835
80.663779 1286.979487
80.915016 1285.897436
81.166073 1292.350515
81.417410 1288.268041
81.667536 1286.071795
81.918865 1288.639175
82.169116 1287.613402
82.419278 1289.226804
82.669883 1292.402062
82.920801 1284.846154
83.171874 1288.974227
83.422200 1289.530928
83.672709 1287.134021
83.922716 1287.170103
84.172861 1288.855670
84.423372 1289.134021
84.673882 1286.794872
84.925186 1289.773196
85.175597 1289.731959
85.426267 1288.190722
85.676559 1287.128866
85.926562 1286.974227
86.176660 1287.293814
86.426756 1288.963918
86.677162 1287.134021
86.927230 1287.489691
87.177463 1288.871134
87.427906 1290.412371
87.678458 1287.324742
87.928636 1287.773196
88.178762 1287.304124
88.428904 1287.664948
88.679120 1286.082051
88.930305 1285.205128
89.181489 1290.077320
89.432004 1287.582474
89.682054 1288.072165
89.932305 1287.809278
90.182643 1287.108247
90.432725 1290.974227
90.683395 1286.358974
90.934760 1289.170103
91.185264 1288.469072
91.435363 1290.685567
91.686218 1287.108247
91.936393 1288.443299
92.186664 1287.097938
92.436869 1288.402062
92.687089 1288.252577
92.937201 1286.953608
93.187364 1286.850515
93.437529 1291.912371
93.688456 1289.355670
93.938856 1285.051282
94.189926 1289.520619
94.440338 1287.922680
94.690669 1289.422680
94.941073 1286.458763
95.191110 1289.340206
95.441649 1288.876289
95.692099 1287.417526
95.942187 1288.304124
96.192281 1286.613402
96.442461 1290.520619
96.693159 1284.846154
96.944203 1287.561856
97.194362 1287.179487
97.445550 1290.304124
97.696332 1287.432990
97.946426 1286.338462
98.197650 1288.649485
98.448108 1288.855670
98.698358 1288.443299
98.948841 1286.979381
99.198910 1286.574359
99.450187 1290.721649
99.700816 1287.489691
99.951191 1286.865979
100.201227 1286.353846
100.452242 1290.500000
100.703171 1289.670103
100.953522 1288.113402
101.203763 1285.917526
101.453915 1289.443299
101.704268 1285.994872
101.955334 1287.726804
102.205512 1286.148718
102.456868 1289.494845
102.707271 1290.309278
102.957944 1286.613402
103.208191 1285.989744
103.459095 1290.505155
103.709763 1286.721649
103.959796 1287.041237
104.210029 1288.309278
104.460071 1286.226804
104.710119 1287.850515
104.960278 1287.273196
105.210511 1286.866667
105.461775 1288.262887
105.712166 1287.783505
105.962300 1289.159794
106.212799 1288.170103
106.463046 1287.180412
106.713057 1288.252577
106.963492 1286.824742
107.213515 1288.690722
107.463826 1289.536082
107.714284 1287.742268
107.964536 1285.800000
108.215639 1287.304124
108.465869 1290.567010
108.716580 1287.469072
108.966634 1284.635897
109.217517 1287.845361
109.467772 1289.268041
109.718185 1289.572165
109.968808 1288.701031
110.219198 1290.216495
110.469796 1287.335052
110.719962 1289.484536
110.970403 1286.000000
111.221469 1287.515464
111.471851 1288.417526
111.722112 1288.061856
111.972276 1286.768041
112.222369 1286.757732
112.472503 1288.922680
112.722900 1290.257732
112.973471 1285.866667
113.224618 1288.994845
113.475059 1291.551546
113.725928 1285.169231
113.977026 1286.979487
114.228309 1288.845361
114.478697 1290.551546
114.729607 1288.515464
114.979823 1288.154639
115.230061 1286.773196
115.480083 1288.819588
115.730301 1287.469072
115.980601 1288.963918
116.231032 1287.902062
116.481205 1287.948454
116.731530 1286.569231
116.982805 1285.661538
117.233976 1288.603093
117.484074 1288.701031
117.734581 1287.711340
117.984784 1288.134021
118.235127 1288.721649
118.485577 1287.376289
118.735635 1285.933333
118.986672 1287.185567
119.236738 1288.891753
119.487287 1290.577320
119.737851 1286.726804
119.987929 1291.321244
120.238130 1286.651282
120.488938 1286.651282
120.740113 1291.809278
120.991146 1286.056410
121.242277 1287.726804
121.492373 1285.907692
121.743494 1287.974227
121.994052 1289.448454
122.244383 1288.556701
122.494612 1289.644330
122.745170 1285.133333
122.996292 1287.649485
123.246361 1287.396907
123.496432 1286.891753
123.746530 1289.030928
123.997151 1288.051546
124.247451 1290.835052
124.497971 1287.030928
124.748060 1288.757732
124.998446 1286.876289
125.248552 1288.757732
125.498989 1287.000000
125.749031 1286.066667
126.000190 1288.025773
126.250468 1287.701031
126.500577 1289.469072
126.751182 1287.886598
127.001347 1287.154639
127.251494 1289.628866
127.501957 1288.314433
127.752266 1286.107692
128.003503 1287.902062
128.253608 1288.860825
128.504004 1285.923077
128.755421 1288.103093
129.005538 1287.649485
129.255552 1287.350515
129.505931 1292.216495
129.756960 2541.010753
130.007980 13796.722222
130.263669 23114.000000
130.530017 2005.330986
130.781013 1287.350515
131.031152 1287.701031
131.281332 1434.122699
131.537292 5343.156863
131.788191 3634.984848
132.057162 18875.785714
132.321623 8092.205882
132.572403 4852.392157
132.827346 24848.000000
133.113907 21327.285714
133.381739 8395.437500
133.640818 15510.187500
133.908548 1509.713514
134.158970 1288.304124
134.409391 1287.273196
134.659404 1288.494845
134.909858 1285.610256
135.160893 1286.471795
135.412087 1286.641026
135.663361 1286.912371
135.913402 1287.922680
136.163516 1287.634021
136.413656 1286.500000
136.663685 1286.103093
136.913718 1289.680412
137.164127 1285.928205
137.415221 1288.891753
137.665623 1284.307692
137.916421 1290.376289
138.167022 1287.020619
138.417141 1288.716495
138.667616 1288.577320
138.917907 1288.613402
139.168244 1287.412371
139.418464 4205.322034
139.689510 3948.682540
139.939747 12407.954545
140.193387 2146.722689
140.444325 1288.159794
140.694687 1285.358974
140.945661 1285.317949
141.196565 1291.711340
141.447634 1288.329897
141.697938 1287.180412
141.948064 1287.443299
142.198204 1287.525773
142.448264 1288.984536
142.698765 1285.825641
142.949845 1287.252577
143.200042 1287.628866
143.450054 1287.412371
143.700384 1287.148718
143.951547 1284.912821
144.202505 1287.773196
144.452707 1288.726804
144.703110 1291.500000
144.954148 1285.358974
145.205251 1287.896907
145.455472 1287.345361
145.705656 1289.190722
145.956150 1290.000000
146.206721 1282.497436
146.457154 1285.830769
146.708367 1286.184615
146.959502 1289.231959
147.210140 1287.778351
147.460334 1290.644330
147.711093 1287.577320
147.961201 1286.829897
148.211228 1286.087179
148.462472 1291.850515
148.713578 1287.309278
148.963579 1584.685897
149.223144 19678.384615
149.481521 32486.875000
149.746277 2906.118280
149.997479 1288.505155
150.247674 1287.829897
150.497851 1287.025773
150.748128 1288.139175
150.998146 1290.742268
151.248997 1284.471795
151.499865 1290.293814
151.750474 1288.077320
152.000898 1287.148718
152.252236 1286.742268
152.502251 1288.268041
152.752338 1287.283505
153.002578 1288.634021
153.252964 1285.492308
153.504062 1288.881443
153.754467 1286.865979
154.004512 1285.610256
154.255635 1287.304124
154.505677 1288.670103
154.756123 1287.407216
155.006493 1286.251282
155.257634 1287.252577
155.507675 1291.922680
155.758513 1286.458763
156.008629 1289.603093
156.259292 1287.726804
156.509573 1291.371134
156.760385 1285.764103
157.011335 1286.195876
157.261388 1287.118557
157.511475 1287.231959
157.761654 1285.507692
158.012751 1286.056410
158.263839 1287.159794
158.513917 1288.087629
158.764089 1288.268041
159.014374 1287.036082
159.264689 1350.466292
159.518722 31992.750000
159.838480 92199.500000
160.217225 272851.000000
160.581266 13927.636364
160.831387 1286.194872
161.082704 1287.907216
161.332830 1289.025773
161.583391 1288.221649
161.833695 1286.025641
162.084774 1289.195876
162.335255 1288.314433
162.585627 1288.731959
162.835957 1284.846154
163.087002 1287.329897
163.337147 1288.381443
163.587376 1286.589744
163.838619 1287.247423
164.088678 1288.061856
164.338939 1287.474227
164.589053 1287.798969
164.839369 1286.886598
165.089436 1285.497436
165.340508 1288.530928
165.590863 1289.149485
165.841392 1287.510309
166.091449 1288.427835
166.341846 1286.820513
166.593256 1291.288660
166.844068 1286.056410
167.095119 1287.886598
167.345358 1286.543590
167.596624 1286.369231
167.847887 1288.628866
168.098229 1286.446154
168.349321 1287.463918
168.599569 1786.663551
168.884483 95632.000000
169.187885 176122.000000
169.675053 246535.500000
170.003036 2048.590062
170.253333 1285.035897
170.504425 1289.969072
170.754873 1286.850515
171.004889 1286.030928
171.254913 1286.389744
171.506021 1284.882051
171.756999 1286.969072
172.007053 1289.546392
172.257528 1289.623711
172.508076 1287.335052
172.758192 2230.044944
173.010813 64243.333333
173.291158 127869.000000
173.627240 157032.666667
173.990170 4140.170455
174.240910 1286.711340
174.491080 1286.912371
174.741244 1291.793814
174.992130 1284.400000
175.242832 1289.252577
175.493402 1290.788660
175.744327 1288.489691
175.994553 1290.015464
176.245307 1287.283505
176.495323 1286.871134
176.745467 1287.948454
176.995576 1288.015464
177.245934 1286.850515
177.496027 1289.690722
177.746573 1285.287179
177.997641 1287.572165
178.247729 1287.855670
178.497847 1290.479381
178.748846 1290.288660
178.999526 1286.902062
179.249707 1289.139175
179.499903 1291.072165
179.750680 1286.005155
180.000851 1291.005155
180.251629 1287.592784
180.501851 1287.256410
180.753162 1286.912821
181.004546 1288.283505
181.254794 1287.587629
181.504853 1290.056701
181.755487 5850.357143
182.065641 92462.000000
182.419656 179460.500000
183.009712 22243.178571
183.260688 1287.783505
183.510766 1287.804124
183.760955 1289.443299
184.011287 1287.762887
184.261619 1286.639175
184.511648 1288.082474
184.761825 1287.458763
185.012169 4793.108108
185.270166 70227.500000
185.564069 123175.000000
185.893441 128389.666667
186.231193 7738.918367
186.481450 1291.443299
186.732232 1288.927835
186.982783 1288.742268
187.233127 1286.661538
187.484334 1287.798969
187.734473 1288.201031
187.984805 1287.175258
188.234937 1288.675258
188.485241 1290.680412
188.735939 1288.123711
188.986491 1288.252577
189.236649 1287.835052
189.486925 1287.386598
189.737065 1288.546392
189.987359 1290.587629
190.238085 1285.666667
190.489339 1289.448454
190.739673 1290.010309
190.990255 1344.989247
191.245815 10438.208333
191.508390 27760.555556
191.805792 99953.500000
192.104342 110961.666667
192.416779 170508.000000
192.709243 1857.124324
192.959346 1289.293814
193.209717 1287.257732
193.459729 1289.015464
193.710180 1286.256410
193.961386 1289.783505
194.212000 1287.335052
194.462277 1286.630769
194.713519 1287.350515
194.963625 1286.805128
195.214809 1289.731959
195.465578 1285.851282
195.716467 1288.164948
195.966879 1286.651282
196.218036 1288.067010
196.468520 1288.041237
196.718614 1285.892308
196.969812 1287.407216
197.219991 1288.350515
197.470212 1288.010309
197.720507 1288.159794
197.970882 1289.061856
198.221325 1283.753846
198.472030 1290.201031
198.722659 1290.427835
198.973448 1288.489691
199.223929 1288.597938
199.474193 1290.979381
199.725116 1285.210256
199.976140 1287.175258
200.226215 1288.530928
200.476575 1287.510309
200.726654 1286.071795
200.977970 1288.185567
201.228210 1287.505155
201.478269 1288.664948
201.728662 1286.312821
201.979958 1287.752577
202.229985 1289.000000
202.480387 1288.113402
202.730597 1287.804124
202.980857 1289.721649
203.231692 1286.446154
203.482657 1290.391753
203.733488 1288.969072
203.983813 1287.061856
204.233878 1289.685567
204.484492 1288.417526
204.734834 1285.435897
204.986050 1288.603093
205.236119 1286.567010
205.486292 1289.036082
205.736759 1287.082474
205.986906 1288.190722
206.237126 1286.553846
206.488429 1289.711340
206.738871 1288.077320
206.989155 1288.067010
207.239477 1286.056410
207.490483 1288.407216
207.741060 1288.762887
207.991502 1289.242268
208.241774 1286.752577
208.491806 1285.851282
208.742889 1286.076923
208.994135 1288.628866
209.244384 1288.067010
209.494709 1287.664948
209.744876 1287.963918
209.995222 1286.892308
210.246463 1288.226804
210.496778 1289.015464
210.747146 1285.743590
210.998388 1288.840206
211.248814 1288.237113
211.498937 1287.922680
211.749181 1287.469072
211.999288 1288.324742
212.249564 1286.613402
212.499653 1290.128866
212.750228 1287.824742
213.000416 1287.922680
213.250623 1289.510309
213.501298 1289.814433
213.751904 1283.938462
214.002539 1289.134021
214.253008 1286.572165
214.503054 1286.589744
214.754127 1284.323077
215.005009 1286.417526
215.255149 1335.260638
215.508744 7142.375000
215.790668 72288.666667
216.051196 5559.666667
216.302243 1289.505155
216.552873 1287.402062
216.803027 1287.268041
217.053105 1288.005155
217.303359 1285.907692
217.554464 1288.309278
217.804992 1288.752577
218.055124 1283.989744
218.305978 1794.839416
218.556769 7908.750000
218.829258 44045.333333
219.081454 2973.141414
219.332585 1288.793814
219.582930 1290.242268
219.833451 1285.682051
220.084774 1286.747423
220.334785 1285.410256
220.585782 1290.242268
220.836524 1288.747423
221.086998 1286.020513
221.337998 1287.242268
221.588076 1288.097938
221.838432 1287.721649
222.088753 1285.020513
222.339638 1287.469072
222.589814 1289.824742
222.840384 1287.128866
223.090598 1289.221649
223.340940 1286.773196
223.591104 1289.391753
223.841404 1285.830769
224.092775 1289.134021
224.343208 1287.474227
224.593319 1285.948718
224.844511 1288.015464
225.094709 1288.242268
225.344941 1288.515464
225.595279 1290.128866
225.845871 1288.876289
226.096441 1289.247423
226.346753 1286.525773
226.596777 1289.283505
226.847370 1288.551546
227.097766 1288.056701
227.347922 5648.972222
227.684709 39350.222222
227.936932 3516.162500
228.186985 6688.962963
228.440338 70298.000000
228.704696 7472.146341
228.960346 1305.538462
229.210377 1285.271795
229.461319 1290.994845
229.712316 9839.352941
229.974062 6643.403846
230.239361 27460.444444
230.520074 53328.200000
230.775152 9251.935484
231.025780 2817.471910
231.276646 1612.129032
231.527007 1289.149485
231.777429 1288.953608
232.027833 1286.056701
232.277884 1289.567010
232.528129 1283.189744
232.778946 1288.587629
233.029141 1285.670103
233.279173 1288.350515
233.529623 1289.479381
233.780005 1289.288660
234.030524 1288.149485
234.280760 1286.215385
234.531980 1288.649485
234.782372 1285.717949
235.033432 1288.479381
235.283570 1286.974227
235.533764 1288.927835
235.784412 1284.646154
236.035100 1288.958763
236.285461 1289.242268
236.536329 1290.154639
236.786857 1290.139175
237.037366 1287.567010
237.287536 1286.158974
237.538924 1291.242268
237.789617 1284.676923
238.040560 1288.494845
238.291106 1286.117949
238.542113 1290.371134
238.792856 1288.041237
239.043001 1287.597938
239.293303 1289.396907
239.543670 1286.082474
239.793727 1287.118557
240.043924 1287.800000
240.295105 1289.056701
240.545781 1288.108247
240.795857 1284.902564
241.046758 1290.634021
241.297539 1291.757732
241.548464 1289.211340
241.799053 1284.979487
242.049923 1287.273196
242.300253 1291.793814
242.551040 1286.256410
242.802319 1292.541237
243.053354 1283.861538
243.304030 1291.938144
243.555078 1288.154639
243.805292 1289.469072
244.055960 1286.769231
244.307121 1288.979381
244.557686 1290.319588
244.808367 1284.938462
245.059294 1288.582474
245.309707 1286.969231
245.560903 1288.809278
245.811259 1287.360825
246.061418 1287.835052
246.311664 1289.840206
246.562400 1285.600000
246.813473 1286.752577
247.063475 1286.169231
247.314607 1288.329897
247.564935 1289.463918
247.815363 1286.015385
248.066515 1286.443299
248.316629 1286.733333
248.567815 1288.943299
248.818320 1287.912371
249.068481 1287.664948
249.318758 1287.984536
249.568851 1286.731959
249.819001 1288.948454
250.069378 1288.525773
250.319607 1288.525773
250.570214 1290.257732
250.820675 1286.128866
251.070770 1288.840206
251.321171 1288.376289
251.571417 1289.335052
251.821765 1288.262887
252.072203 1286.676923
252.323457 1290.680412
252.574157 1282.276923
252.824773 1288.438144
253.074973 1287.206186
253.325232 1288.778351
253.575420 1289.242268
253.825870 1286.510309
254.076201 1288.479381
254.326542 1287.846154
254.577753 1286.824742
254.827780 1288.829897
255.078194 1288.618557
255.328504 1285.887179
255.579703 1290.484536
255.830368 1285.533333
256.081705 1290.618557
256.332088 1287.556701
256.582393 1286.747423
256.832476 1288.690722
257.082782 1288.520619
257.333143 1286.543590
257.584476 1289.603093
257.834851 1286.664948
258.084851 1287.010309
258.334932 1287.912371
258.585214 1286.892308
258.836451 1287.943299
259.086700 1288.231959
259.336795 1289.871134
259.587787 1287.476923
259.839014 1287.226804
260.089069 1287.634021
260.339411 1286.441026
260.590448 1286.948454
260.840601 1289.963918
261.091044 1290.231959
261.341932 1288.180412
261.591974 1289.809278
261.842655 1287.974227
262.092796 1287.582474
262.343203 1286.530928
262.593282 1288.324742
262.843299 1288.036082
263.093562 1287.226804
263.343719 1287.036082
263.593725 1288.706186
263.844138 1288.273196
264.094253 1287.659794
264.344560 1289.902062
264.595176 1286.287179
264.846502 1289.175258
265.096800 1288.798969
265.347368 1289.020619
265.597725 1285.733333
265.848847 1288.876289
266.099276 1288.757732
266.349670 1289.783505
266.600163 1286.087179
266.851329 1289.639175
267.102061 1285.676923
267.353170 1290.896907
267.603779 1287.561856
267.853931 1285.958974
268.105250 1289.324742
268.355742 1287.685567
268.605914 1289.092784
268.856395 1288.845361
269.106711 1288.175258
269.356968 1287.329897
269.607245 1291.798969
269.858092 1287.979381
270.108321 1289.577320
270.358963 1286.943590
270.610261 1288.958763
270.860760 1291.185567
271.111363 1287.067010
271.361601 1288.206186
271.611899 1289.850515
271.862421 1287.365979
272.112529 1286.350515
272.362648 1288.731959
272.613037 1287.210256
272.864227 1285.800000
273.115462 1288.432990
273.365705 1288.329897
273.616034 1288.092784
273.866207 1288.453608
274.116543 1287.814433
274.366785 1291.690722
274.617870 1288.510309
274.868186 1287.567010
275.118372 1286.923077
275.369584 1289.149485
275.620151 1289.902062
275.870681 1290.417526
276.121415 1286.548718
276.372751 1286.179487
276.624004 1289.386598
276.874386 1288.561856
277.124792 1289.262887
277.375221 1285.738462
277.626298 1289.577320
277.876858 1288.252577
278.127224 1289.000000
278.377630 1290.902062
278.628374 1287.108247
278.878621 1288.427835
279.128867 1288.082474
279.378979 1284.630769
279.630157 1290.072165
279.880553 1289.835052
280.131219 1287.479381
280.381529 1289.082474
280.631793 1290.731959
280.882585 1289.237113
281.133118 1287.283505
281.383126 1287.881443
281.633427 1288.314433
281.883828 1286.087179
282.134996 1289.365979
282.385421 1285.430769
282.636687 1285.456410
282.887672 1287.456410
283.138889 1288.252577
283.389265 1290.139175
283.639789 1287.917526
283.890118 1290.072165
284.140627 1287.283505
284.391009 1288.020619
284.641054 1286.492308
284.892248 1287.798969
285.142520 1285.938462
285.393649 1292.000000
285.644782 1285.610256
285.895708 1285.589744
286.146934 1290.128866
286.397397 1288.329897
286.647816 1287.902062
286.897936 1286.194872
287.149163 1287.206186
287.399323 1292.149485
287.650459 1283.502564
287.901100 1289.603093
288.151575 1287.963918
288.401692 1286.319588
288.651693 1289.654639
288.902208 1286.210256
289.153435 1288.355670
289.403693 1290.072165
289.654358 1288.211340
289.904765 1288.242268
290.154916 1288.726804
290.405298 1288.154639
290.655647 1286.476923
290.906843 1287.314433
291.156959 1286.170103
291.407027 1289.597938
291.657541 1286.712821
291.908675 1288.010309
292.158944 1287.314433
292.409177 1287.979381
292.659330 1286.561856
292.909512 1287.778351
293.159554 1290.190722
293.410129 1289.613402
293.660857 1287.561856
293.910991 1288.860825
294.161558 1285.015385
294.412328 1289.139175
294.662896 1286.230769
294.914036 1288.731959
295.164381 1289.443299
295.415010 1288.154639
295.665278 1285.974359
295.916292 1286.422680
296.166306 1286.206186
296.416355 1288.824742
296.666634 1286.932990
296.916770 1294.046632
297.166773 1287.180412
297.416911 1288.731959
297.667301 1285.092308
297.918584 1287.082051
298.169760 1288.051546
298.420080 1286.753846
298.671378 1286.307692
298.922375 1288.654639
299.172855 1287.010309
299.422862 1286.757732
299.672963 1287.113402
299.923028 1288.350515
300.173210 1290.592784
300.423917 1287.907216
300.674286 1287.262887
300.924499 1288.541237
301.174526 1283.600000
301.425338 1290.432990
301.676181 1289.051546
301.926503 1286.969072
302.176681 1288.309278
302.426845 1288.288660
302.677351 1289.721649
302.927817 1286.317949
303.178852 1287.273196
303.429090 1290.793814
303.679861 1285.507692
303.931033 1289.953608
304.181549 1288.149485
304.431824 1288.030928
304.682095 1288.891753
304.932403 1288.546392
305.182876 1286.728205
305.434089 1289.587629
305.684674 1286.882051
305.935871 1286.979381
306.186129 1296.766839
306.436716 1286.902564
306.688082 1287.757732
306.938481 1288.200000
307.189786 1288.654639
307.440006 1288.314433
307.690416 1287.711340
307.940579 1287.438144
308.190615 1284.379487
308.441614 1289.695876
308.692405 1288.180412
308.942478 1287.412371
309.192512 1291.922680
309.443480 1287.855670
309.693713 1287.262887
309.943918 1284.979487
310.194774 1285.958974
310.446269 1289.860825
310.696489 1287.309278
310.946620 1289.515464
311.197293 1285.558974
311.448282 1288.237113
311.698730 1290.530928
311.949282 1288.567010
312.199520 1287.396907
312.449860 1288.422680
312.700219 1288.628866
312.950473 1286.561856
313.200481 1286.922680
313.450599 1290.458763
313.701125 1287.149485
313.951338 1289.412371
314.201950 1285.733333
314.452890 1287.742268
314.703234 1291.190722
314.953880 1285.994872
315.205072 1289.123711
315.455497 1287.484536
315.705791 1286.528205
315.956938 1289.443299
316.207412 1287.567010
316.457747 1287.271795
316.709007 1285.794872
316.960215 1288.097938
317.210399 1288.355670
317.460739 1291.237113
317.711585 1285.548718
317.962565 1287.659794
318.212636 1288.479381
318.463033 1286.302564
318.714435 1293.030928
318.965444 1286.317949
319.216658 1287.257732
319.466813 1287.525773
319.717015 1288.329897
319.967294 1292.118557
320.218320 1285.830769
320.469605 1285.825641
320.720626 1288.293814
320.970775 1288.355670
321.221052 1287.438144
321.471422 1289.422680
321.721865 1288.304124
321.972145 1288.634021
322.222423 1290.360825
322.473098 1285.856410
322.724345 1290.237113
322.975007 1288.432990
323.225373 1288.701031
323.475935 1286.876923
323.727032 1288.654639
323.977462 1288.005155
324.227870 1288.891753
324.478166 1287.391753
324.728454 1291.711340
324.979329 1285.564103
325.230503 1287.840206
325.480674 1287.340206
325.730791 1290.840206
325.981703 1286.656410
326.232919 1287.443299
326.483201 1288.304124
326.733360 1290.469072
326.984112 1288.381443
327.234282 1289.427835
327.484982 1285.174359
327.735980 1287.845361
327.986195 1285.297436
328.237454 1286.432990
328.487490 1289.103093
328.737689 1290.664948
328.988407 1285.241026
329.239442 1290.005155
329.490172 1288.814433
329.740456 1284.794872
329.991352 1290.278351
330.242256 1287.307692
330.493441 1285.974359
330.744731 1286.764103
330.995984 1288.123711
331.246136 1290.592784
331.496948 1289.128866
331.747552 1290.149485
331.998031 1288.979381
332.248524 1286.302564
332.499639 1288.242268
332.749929 1290.118557
333.000643 1288.701031
333.250959 1283.871795
333.501809 1288.613402
333.752040 1286.082051
334.003231 1289.427835
334.253781 1288.840206
334.504071 1287.778351
334.754588 1288.283505
335.004697 1287.067010
335.254734 1290.819588
335.505610 1287.489691
335.755665 1288.489691
336.006183 1287.030928
336.256183 1289.798969
336.506678 1287.922680
336.757085 1288.005155
337.007268 1288.711340
337.257608 1288.103093
337.507774 1288.798969
337.758269 1289.216495
338.008804 1288.505155
338.258944 1285.685567
338.508995 1288.597938
338.759223 1288.443299
339.009465 1288.118557
339.260002 1288.252577
339.510036 1287.963918
339.760316 1292.597938
340.011402 1287.530928
340.261687 1286.892308
340.513002 1287.123077
340.764156 1289.546392
341.014790 1285.117949
341.265715 1287.798969
341.516065 1289.716495
341.766525 1289.706186
342.017255 1288.969072
342.267461 1288.752577
342.517894 1286.835052
342.767986 1290.144330
343.018607 1288.824742
343.269084 1289.948454
343.519702 1287.912371
343.769972 1288.690722
344.020358 1288.319588
344.270518 1288.097938
344.520970 1290.005155
344.771438 1287.871134
345.021939 1288.329897
345.272031 1288.958763
345.522414 1286.164103
345.773586 1289.762887
346.024153 1289.737113
346.274931 1291.020619
346.525680 1285.128205
346.776682 1289.036082
347.027200 1287.056410
347.278450 1290.206186
347.529082 1288.546392
347.779285 1288.226804
348.029926 1288.737113
348.280156 1286.374359
348.531464 1288.938144
348.781664 1287.226804
349.031813 1287.567010
349.282146 1287.613402
349.532210 1284.697436
349.783039 1291.381443
350.034013 1288.036082
350.284236 1285.369231
350.535304 1288.731959
350.785804 1286.630769
351.037083 1287.659794
351.287130 1287.742268
351.537444 1289.551546
351.788020 1290.701031
352.038866 1289.974227
352.289225 1288.969072
352.539628 1284.912821
352.790715 1287.871134
353.041064 1289.443299
353.291376 1286.143590
353.542834 1287.446154
353.794017 1287.541237
354.044289 1287.726804
354.294492 1287.443299
354.544690 1288.618557
354.794981 1289.520619
355.045589 1287.675258
355.295640 1290.025773
355.546371 1289.036082
355.796774 1286.466667
356.047869 1289.432990
356.298422 1288.484536
356.548786 1285.707692
356.799899 1290.628866
357.050815 1287.989691
357.300964 1286.030769
357.552106 1287.113402
357.802132 1288.685567
358.052520 1288.108247
358.302840 1286.579487
358.554271 1285.189744
358.805057 1283.205128
359.055863 1288.896907
359.305997 1287.731959
359.556390 1286.020513
359.807660 1288.010309
360.057730 1286.676923
360.308889 1287.463918
360.559195 1288.221649
360.809352 1288.695876
361.059882 1286.015385
361.310950 1287.597938
361.561097 1291.974227
361.812125 1287.989691
362.062455 1287.608247
362.312866 1288.798969
362.562888 1285.543590
362.814290 1290.010309
363.064639 1286.056410
363.315819 1287.907216
363.566078 1288.185567
363.816375 1289.592784
364.067089 1288.974227
364.317292 1287.561856
364.567440 1287.329897
364.817756 1291.077320
365.068434 1289.113402
365.319028 1288.510309
365.569206 1288.067010
365.819540 1288.958763
366.070071 1286.800000
366.321347 1292.319588
366.572329 1286.405128
366.823543 1290.371134
367.074226 1287.072165
367.324322 1287.860825
367.574715 1286.600000
367.825838 1287.865979
368.075906 1287.391753
368.326150 1285.656410
368.577244 1287.798969
368.827476 1291.211340
369.078312 1287.793814
369.328572 1287.494845
369.578675 1287.164948
369.828972 1288.969072
370.079370 1287.840206
370.329540 1289.149485
370.579977 1285.548718
370.831102 1286.743590
371.082356 1289.659794
371.332883 1285.728205
371.584079 1289.448454
371.834556 1288.680412
372.085015 1288.350515
372.335288 1289.139175
372.585742 1285.805128
372.836986 1289.443299
373.087455 1284.353846
373.338361 1289.670103
373.588907 1285.425641
373.839722 1290.731959
374.090582 1284.369231
374.341401 1286.422680
374.591444 1289.845361
374.841966 1288.268041
375.092493 1287.463918
375.342509 1288.221649
375.592677 1286.932990
375.842763 1287.845361
376.092944 1289.932990
376.343708 1287.226804
376.593812 1287.922680
376.843894 1287.778351
377.094092 1287.680412
377.344503 1290.731959
377.595118 1288.376289
377.845467 1288.479381
378.095687 1286.164103
378.346903 1289.242268
378.597463 1290.247423
378.848010 1287.427835
379.098196 1286.783505
379.348295 1286.712821
379.599533 1285.984615
379.850719 1294.481865
380.100933 1287.896907
380.351090 1288.061856
380.601331 1286.969072
380.851377 1286.922680
381.101592 1284.164103
381.352227 1290.329897
381.602895 1289.922680
381.853592 1287.376289
382.103844 1286.774359
382.355139 1290.443299
382.605741 1285.851282
382.857176 1291.304124
383.107761 1285.625641
383.358853 1287.371134
383.609032 1290.917526
383.859947 1286.415385
384.111112 1290.422680
384.361628 1287.020619
384.612048 1289.757732
384.862512 1286.358974
385.113702 1289.582474
385.364198 1288.262887
385.614607 1288.175258
385.864842 1286.671795
386.116110 1287.969072
386.366292 1288.345361
386.616627 1287.881443
386.867087 1289.061856
387.117405 1286.865979
387.367434 1288.201031
387.617618 1288.747423
387.867956 1285.625641
388.119267 1286.266667
388.370285 1286.189744
388.621474 1288.742268
388.871998 1285.661538
389.123023 1287.932990
389.373306 1286.533333
389.624532 1287.015464
389.874594 1287.536082
390.124772 1288.113402
390.375010 1289.216495
390.625421 1286.835052
390.875482 1286.953608
391.125710 1288.819588
391.376012 1285.230769
391.627175 1292.701031
391.878127 1283.569231
392.128898 1290.494845
392.379572 1289.030928
392.629991 1286.317949
392.881196 1285.964103
393.132226 1285.685567
393.382307 1289.309278
393.632729 1290.242268
393.883272 1288.422680
394.133506 1287.164948
394.383739 1288.149485
394.634055 1286.789744
394.885390 1289.360825
395.135792 1287.778351
395.385972 1288.479381
395.636390 1289.546392
395.886987 1289.036082
396.137299 1283.928205
396.388215 1288.474227
396.638535 1289.268041
396.888980 1289.881443
397.139603 1286.061538
397.390656 1287.051546
397.640743 1290.680412
397.891613 1286.779487
398.142936 1286.743590
398.394113 1288.355670
398.644422 1289.649485
398.895158 1288.613402
399.145389 1286.974227
399.395444 1288.216495
399.645886 1288.324742
399.896123 1288.329897
400.146389 1286.958763
400.396412 1289.154639
400.646878 1288.226804
400.897110 1288.103093
401.147318 1287.494845
401.397528 1289.793814
401.648236 1287.814433
401.898309 1288.298969
402.148599 1288.582474
402.399043 1288.948454
402.649406 1286.876289
402.899473 1288.273196
403.149745 1283.210256
403.400301 1288.603093
403.650835 1289.283505
403.901166 1288.587629
404.151499 1286.458763
404.401520 1288.963918
404.651855 1287.824742
404.902196 1286.430769
405.153412 1287.159794
405.403645 1286.912821
405.654781 1287.757732
405.905052 1290.510309
406.155638 1288.005155
406.405997 1290.438144
406.656821 1287.582474
406.906914 1287.639175
407.157122 1286.615385
407.408424 1290.360825
407.659060 1289.824742
407.909530 1285.210256
408.160575 1291.556701
408.411575 1289.417526
408.662055 1287.247423
408.912202 1289.685567
409.162704 1284.343590
409.413707 1289.948454
409.664216 1288.541237
409.914552 1287.644330
410.164814 1287.582474
410.414981 1285.189744
410.665927 1289.824742
410.916557 1285.886598
411.166601 1287.567010
411.416787 1289.932990
411.667208 1286.798969
411.917232 1286.158974
412.168443 1287.113402
412.418505 1289.865979
412.669187 1286.215385
412.920535 1287.345361
413.170602 1288.335052
413.420830 1287.505155
413.670982 1288.082474
413.921341 1290.721649
414.172305 1285.476923
414.423346 1286.425641
414.674630 1287.670103
414.924773 1290.716495
415.175399 1285.420513
415.426664 1288.865979
415.677144 1288.953608
415.927519 1288.644330
416.177970 1285.235897
416.428899 1286.355670
416.679080 1289.644330
416.929455 1286.589744
417.180660 1289.675258
417.431383 1289.427835
417.681940 1289.922680
417.932430 1288.768041
418.182856 1287.432990
418.433118 1292.510309
418.684142 1287.056701
418.934190 1290.030928
419.184976 1285.943590
419.436017 1287.386598
419.686275 1289.639175
419.936831 1288.072165
420.187071 1287.515464
420.437212 1289.237113
420.687732 1285.353846
420.938624 1287.123711
421.188756 1286.345361
421.438770 1292.417526
421.690011 1288.025773
421.940048 1286.097436
422.191394 1286.169231
422.442561 1286.635897
422.693768 1287.701031
422.944007 1287.221649
423.194076 1286.396907
423.444201 1290.067010
423.694711 1287.587629
423.944791 1287.314433
424.194949 1288.747423
424.445372 1288.216495
424.695665 1286.819588
424.945702 1285.553846
425.196947 1286.507692
425.448189 1289.974227
425.698724 1288.948454
425.949071 1290.010309
426.199860 1290.432990
426.450577 1291.556701
426.701300 1286.701031
426.951498 1286.610256
427.202795 1287.484536
427.452946 1289.288660
427.703502 1287.541237
427.953557 1288.118557
428.203876 1284.579487
428.454862 1288.448454
428.705049 1288.932990
428.955651 1287.005128
429.206782 1287.407216
429.457115 1288.402062
429.707399 1288.396907
429.957834 1289.443299
430.208403 1287.015385
430.459579 1290.927835
430.710557 1287.469072
430.960583 1286.391753
431.210625 1290.149485
431.461228 1287.639175
431.711738 1289.020619
431.961908 1287.819588
432.212243 1292.551546
432.463197 1287.407216
432.713382 1287.314433
432.963612 1286.548718
433.214790 1285.558974
433.466001 1289.041237
433.716348 1286.819588
433.966411 1287.103093
434.216473 1288.087629
434.466592 1287.541237
434.716979 1288.664948
434.967383 1287.432990
435.217453 1288.304124
435.467917 1286.343590
435.719112 1283.584615
435.969863 1288.293814
436.220239 1285.887179
436.471129 1288.726804
436.721771 1288.432990
436.972064 1286.608247
437.222099 1286.784615
437.473357 1287.567010
437.723513 1288.036082
437.973876 1291.025773
438.224566 1285.205128
438.475461 1289.912371
438.726111 1287.422680
438.976289 1288.268041
439.226751 1286.241026
439.477961 1290.860825
439.728728 1285.015385
439.979706 1290.139175
440.230391 1288.386598
440.480686 1288.912371
440.731081 1290.386598
440.981829 1286.938144
441.232133 1289.298969
441.482451 1287.778351
441.732677 1287.005155
441.982797 1290.737113
442.233678 1289.268041
442.484123 1288.876289
442.734531 1290.907216
442.985371 1285.000000
443.236290 1287.680412
443.486635 1289.994845
443.737241 1289.747423
443.987646 1285.466667
444.238784 1287.623711
444.489071 1290.278351
444.739491 1285.410256
444.990754 1288.376289
445.241023 1287.010309
445.491098 1287.979381
445.741568 1289.798969
445.991906 1286.500000
446.242141 1289.036082
446.492434 1288.829897
446.743025 1286.471795
446.994190 1287.278351
447.244470 1289.417526
447.494855 1289.994845
447.745308 1286.953608
447.995702 1288.139175
448.245851 1286.502564
448.497189 1290.840206
448.747869 1288.479381
448.998172 1286.597938
449.248179 1287.159794
449.498222 1290.613402
449.749205 1286.523077
450.000454 1286.928205
450.251481 1289.886598
450.502427 1288.865979
450.752637 1286.220513
451.003780 1285.435897
451.254848 1286.425641
451.506207 1291.257732
451.756951 1285.256410
452.007926 1287.298969
452.258127 1288.902062
452.508539 1288.778351
452.758836 1288.422680
453.009178 1282.800000
453.259809 1287.783505
453.509972 1289.963918
453.760505 1286.201031
454.010574 1285.902564
454.261490 1287.649485
454.511639 1291.056701
454.762514 1287.515464
455.012718 1285.670103
455.262738 1286.528205
455.513727 1287.938144
455.764035 1287.670103
456.014188 1285.948718
456.265440 1292.685567
456.516446 1287.685567
456.766614 1287.041237
457.016833 1288.592784
457.267015 1286.680412
457.517179 1289.448454
457.767558 1289.293814
458.018086 1286.158974
458.269280 1286.374359
458.520403 1287.237113
458.770679 1286.389744
459.021794 1289.412371
459.272307 1287.365979
459.522467 1291.603093
459.773285 1288.695876
460.023723 1287.175258
460.273860 1290.917526
460.524677 1285.969231
460.775757 1285.917949
461.026927 1287.654639
461.277257 1287.410256
461.528563 1289.546392
461.779083 1286.502564
462.030277 1286.927835
462.280311 1289.474227
462.530803 1290.577320
462.781662 1286.582474
463.031697 1287.840206
463.281802 1288.567010
463.532354 1290.463918
463.782856 1289.840206
464.033471 1285.128205
464.284410 1289.298969
464.535034 1287.319588
464.785052 1287.159794
465.035196 1286.283505
465.285245 1289.989691
465.535657 1291.056701
465.786638 1285.615385
466.037639 1283.082051
466.288251 1291.412371
466.539109 1287.175258
466.789185 1288.917526
467.039758 1286.682051
467.290896 1289.005155
467.541286 1286.912371
467.791422 1287.226804
468.041475 1288.025773
468.291662 1288.309278
468.541970 1287.134021
468.792112 1288.190722
469.042424 1288.850515
469.292972 1289.613402
469.543336 1290.067010
469.794113 1287.664948
470.044244 1286.758974
470.295382 1292.500000
470.546762 1288.654639
470.796996 1288.087629
471.047173 1286.041026
471.298345 1290.510309
471.549171 1290.556701
471.799829 1288.118557
472.050223 1287.902062
472.300553 1290.206186
472.550968 1288.716495
472.801330 1289.365979
473.051803 1283.358974
473.302708 1290.386598
473.553192 1289.984536
473.803792 1286.345361
474.054011 1287.194872
474.305233 1287.252577
474.555244 1289.304124
474.805676 1288.036082
475.055996 1284.846154
475.306911 1288.030928
475.557221 1290.757732
475.808137 1285.876923
476.058968 1284.271795
476.309823 1285.979487
476.561066 1290.139175
476.811709 1287.701031
477.061892 1287.061856
477.312010 1287.469072
477.562124 1291.896907
477.813009 1286.994845
478.063065 1286.317949
478.314364 1289.113402
478.564724 1287.804124
478.815036 1287.932990
479.065296 1288.041237
479.315332 1290.391753
479.566260 1290.335052
479.816899 1286.753846
480.068219 1290.000000
480.318911 1285.810256
480.569951 1288.371134
480.820224 1289.819588
481.070822 1286.015385
481.322043 1288.778351
481.572371 1288.103093
481.822845 1289.298969
482.073128 1285.266667
482.324087 1289.448454
482.574607 1289.355670
482.825094 1286.407216
483.075210 1285.487179
483.326121 1290.103093
483.576962 1287.798969
483.827081 1289.927835
484.077568 1287.551546
484.327897 1286.938462
484.579204 1288.463918
484.829666 1291.335052
485.080282 1283.287179
485.330936 1289.855670
485.581738 1287.282051
485.832752 1285.025773
486.082755 1286.851282
486.333944 1288.654639
486.584277 1288.000000
486.834541 1286.271795
487.085905 1286.015385
487.336981 1287.814433
487.587041 1287.953608
487.837334 1288.592784
488.087510 1287.056701
488.337640 1290.896907
488.588689 1288.907216
488.838945 1288.278351
489.089200 1287.221649
489.339244 1287.907216
489.589535 1288.329897
489.839769 1287.819588
490.089999 1286.328205
490.341213 1290.639175
490.591862 1290.798969
490.842746 1288.051546
491.092998 1286.201031
491.343075 1285.712821
491.594058 1289.015464
491.844544 1289.778351
492.094944 1285.179487
492.346007 1288.226804
492.596358 1288.896907
492.846731 1286.015464
493.096785 1287.912371
493.346913 1289.572165
493.597333 1287.742268
493.847563 1286.865979
494.097734 1289.953608
494.348189 1287.402062
494.598250 1288.613402
494.848772 1287.541237
495.098834 1288.051546
495.349106 1286.661538
495.600535 1287.394872
495.851839 1286.902062
496.101970 1289.278351
496.352469 1286.841026
496.603634 1289.365979
496.854313 1287.979381
497.104506 1288.030928
497.354736 1289.469072
497.605299 1289.335052
497.855632 1287.510309
498.105946 1289.170103
498.356350 1289.201031
498.606808 1288.355670
498.857062 1287.396907
499.107248 1286.712821
499.358596 1288.144330
499.608651 1291.149485
499.859659 1287.015464
500.109755 1287.989691
500.359937 1287.020619
500.609986 1289.819588
500.860569 1289.144330
501.111042 1289.762887
501.361537 1287.417526
501.611881 1287.061538
501.863254 1288.793814
502.113463 1288.824742
502.364057 1285.164103
502.614863 1287.293814
502.864954 1287.850515
503.115202 1286.432990
503.365275 1286.707692
503.616613 1290.149485
503.867114 1287.195876
504.117181 1288.206186
504.367431 1287.097938
504.617630 1289.783505
504.868169 1288.695876
505.118567 1284.666667
505.369471 1288.757732
505.619943 1289.154639
505.870323 1287.742268
506.120513 1284.943590
506.371415 1286.644330
506.621530 1287.149485
506.871627 1289.463918
507.122070 1284.907692
507.373092 1291.551546
507.624038 1288.005155
507.874135 1286.891753
508.124260 1287.056701
508.374340 1288.386598
508.624663 1288.742268
508.875047 1289.458763
509.125579 1287.247423
509.375902 1288.221649
509.626152 1288.185567
509.876354 1287.938144
510.126473 1286.273196
510.376529 1290.695876
510.627444 1290.077320
510.877794 1287.283505
511.128078 1286.769231
511.379234 1289.994845
511.629711 1286.371134
511.879745 1287.695876
512.130019 1290.309278
512.380817 1288.015464
512.631088 1290.360825
512.881593 1288.077320
513.131847 1287.108247
513.382063 1288.432990
513.632463 1288.010309
513.882677 1288.561856
514.133036 1288.680412
514.383164 1288.943299
514.633661 1286.634021
514.883744 1289.438144
515.134351 1288.587629
515.384574 1285.912821
515.635665 1290.170103
515.886448 1288.628866
516.136879 1289.268041
516.387196 1286.066667
516.638504 1286.384615
516.889616 1288.963918
517.140175 1290.113402
517.390541 1286.778351
517.640664 1287.226804
517.890758 1287.221649
518.140884 1286.123077
518.392112 1289.113402
518.642422 1288.139175
518.892745 1289.149485
519.143238 1287.402062
519.393351 1287.355670
519.643403 1292.335052
519.894422 1286.891753
520.144575 1288.721649
520.394917 1285.948718
520.646212 1287.958763
520.896442 1287.757732
521.146628 1291.804124
521.397355 1288.474227
521.647791 1285.762887
521.897873 1287.938144
522.148197 1288.407216
522.398272 1290.396907
522.649038 1288.103093
522.899069 1286.381443
523.149211 1287.355670
523.399259 1287.010309
523.649399 1287.371134
523.899489 1289.211340
524.149733 1283.128205
524.400599 1292.345361
524.651590 1286.015385
524.902807 1287.242268
525.152986 1287.701031
525.403055 1287.020619
525.653142 1285.574359
525.904135 1288.005155
526.154358 1286.153846
526.405706 1290.541237
526.656256 1286.907216
526.906552 1287.610256
527.157778 1290.850515
527.408587 1291.020619
527.659392 1282.769231
527.910028 1288.922680
528.160293 1286.379487
528.411482 1287.340206
528.661594 1286.143590
528.912808 1287.175258
529.163009 1289.113402
529.413491 1286.819588
529.663523 1288.489691
529.913666 1286.809278
530.163703 1284.712821
530.414567 1292.854922
530.664696 1285.194872
530.915477 1287.963918
531.165623 1286.561856
531.415684 1290.046392
531.666255 1289.036082
531.916612 1286.865979
532.166746 1287.293814
532.417059 1286.266667
532.668067 1285.769231
532.919211 1289.819588
533.169660 1288.649485
533.420297 1289.690722
533.670895 1286.820513
533.922182 1287.097436
534.173498 1287.066667
534.425003 1290.525773
534.675600 1288.335052
534.925824 1285.369231
535.176661 1288.458763
535.426998 1291.432990
535.678009 1286.497436
535.929307 1288.603093
536.179674 1288.170103
536.430030 1287.922680
536.680157 1288.432990
536.930438 1288.603093
537.180808 1289.015464
537.431406 1288.541237
537.681723 1287.783505
537.931887 1287.025773
538.182029 1287.381443
538.432065 1291.505155
538.683060 1291.768041
538.933971 1288.634021
539.184220 1285.261538
539.435423 1293.469072
539.686780 1287.112821
539.938021 1288.097938
540.188181 1285.649485
540.438232 1293.134021
540.689323 1286.865979
540.939344 1287.329897
541.189393 1287.030928
541.439562 1289.427835
541.690075 1290.314433
541.940690 1283.512821
542.191318 1287.603093
542.441484 1290.113402
542.692080 1284.789744
542.942939 1290.762887
543.193779 1285.628866
543.443822 1291.695876
543.694621 1288.587629
543.944961 1286.333333
544.196310 1288.314433
544.446432 1288.092784
544.696730 1288.283505
544.947238 1287.194872
545.198559 1289.757732
545.449179 1286.933333
545.700307 1291.582474
545.951413 1287.768041
546.201512 1288.891753
546.451924 1288.113402
546.702143 1285.097436
546.953301 1287.391753
547.203580 1287.128205
547.454673 1294.590674
547.704731 1285.984536
547.954862 1287.448454
548.205042 1290.814433
548.455818 1286.523077
548.706891 1287.603093
548.957308 1289.634021
549.207502 1288.293814
549.457974 1290.659794
549.708744 1289.773196
549.959259 1286.680412
550.209475 1287.974227
550.459601 1288.798969
550.710008 1287.628866
550.960191 1287.164948
551.210223 1286.530928
551.460378 1289.309278
551.710636 1285.574359
551.961679 1288.329897
552.211992 1288.788660
552.462605 1287.737113
552.712612 1289.407216
552.963215 1288.159794
553.213474 1289.128866
553.463869 1287.819588
553.714213 1288.118557
553.964501 1288.211340
554.214768 1286.747423
554.464785 1287.340206
554.714833 1287.041237
554.964937 1290.041237
555.215611 1287.974227
555.465822 1289.458763
555.716534 1286.307692
555.967481 1287.747423
556.217642 1289.206186
556.468101 1286.855670
556.718149 1288.324742
556.968512 1290.716495
557.219367 1288.989691
557.469690 1284.774359
557.720665 1287.932990
557.970910 1288.469072
558.221068 1285.974359
558.472362 1287.206186
558.722643 1288.077320
558.972737 1290.041237
559.223341 1287.953608
559.473502 1285.707692
559.724794 1287.230769
559.976090 1288.190722
560.226195 1288.546392
560.476652 1285.635897
560.727871 1289.134021
560.978013 1288.087629
561.228490 1287.546392
561.478758 1284.615385
561.729595 1287.979381
561.979781 1287.592784
562.230084 1288.850515
562.480391 1290.262887
562.730913 1287.391753
562.981174 1284.871795
563.232258 1286.943590
563.483522 1291.360825
563.734368 1286.706186
563.984462 1289.804124
564.235045 1288.577320
564.485278 1284.646154
564.736234 1288.515464
564.986542 1286.225641
565.237878 1292.489691
565.488768 1285.466667
565.739962 1290.417526
565.990682 1289.128866
566.240995 1288.298969
566.491281 1287.324742
566.741666 1287.804124
566.991666 1291.175258
567.242547 1287.721649
567.492716 1287.680412
567.742770 1286.268041
567.992944 1288.989691
568.243269 1286.247423
568.493430 1290.613402
568.744112 1286.210256
568.995111 1285.441026
569.246130 1288.190722
569.496332 1288.829897
569.746853 1287.262887
569.997032 1285.871795
570.248258 1290.592784
570.498976 1289.036082
570.749257 1288.335052
570.999488 1287.788660
571.249789 1288.804124
571.500192 1286.907216
571.750249 1288.407216
572.000548 1287.216495
572.250612 1288.463918
572.500963 1289.056701
572.751634 1287.287179
573.002792 1286.922680
573.252967 1288.262887
573.503034 1286.829897
573.753095 1289.030928
574.003761 1287.097938
574.253927 1287.742268
574.504064 1284.435897
574.754944 1288.778351
575.005115 1288.500000
575.255358 1286.829897
575.505536 1288.680412
575.755995 1289.407216
576.006373 1285.902564
576.257592 1287.386598
576.507826 1288.969072
576.758098 1287.695876
577.008373 1290.747423
577.259000 1286.948454
577.509077 1288.520619
577.759595 1288.216495
578.009868 1288.257732
578.260096 1290.314433
578.510742 1287.726804
578.761025 1287.819588
579.011304 1288.206186
579.261604 1287.829897
579.511784 1289.505155
579.762218 1289.247423
580.012723 1287.824742
580.263094 1285.410256
580.514131 1288.778351
580.764369 1289.500000
581.014871 1287.881443
581.265083 1290.061856
581.515744 1286.355670
581.765793 1293.231959
582.016932 1286.041026
582.268056 1287.097938
582.518230 1285.328205
582.769144 1289.036082
583.019641 1286.211340
583.269679 1289.510309
583.520024 1288.195876
583.770416 1288.608247
584.020871 1287.711340
584.270934 1287.417526
584.520997 1287.268041
584.771112 1288.639175
585.021545 1289.556701
585.272194 1287.876289
585.522416 1288.608247
585.772646 1285.523077
586.023803 1289.556701
586.274178 1290.123711
586.524844 1288.865979
586.775391 1289.257732
587.025790 1286.092308
587.277003 1287.804124
587.527358 1285.953846
587.778336 1290.814433
588.029090 1288.597938
588.279583 1286.979381
588.529697 1287.482051
588.781026 1291.417526
589.032024 1289.000000
589.282406 1286.938462
589.533516 1286.412371
589.783531 1289.154639
590.034045 1288.350515
590.284512 1289.541237
590.534869 1287.056701
590.785006 1285.210256
591.036088 1289.170103
591.286429 1288.855670
591.536856 1286.345361
591.786879 1290.804124
592.037602 1286.695876
592.287765 1289.288660
592.538096 1286.871134
592.788175 1287.824742
593.038219 1288.762887
593.288737 1286.497436
593.539914 1287.324742
593.790081 1290.319588
594.040749 1288.824742
594.291397 1286.882051
594.542566 1289.314433
594.793033 1290.314433
595.043751 1287.798969
595.293896 1286.824742
595.543966 1289.577320
595.794581 1287.783505
596.044700 1287.603093
596.294802 1289.335052
596.545521 1286.015385
596.796630 1288.685567
597.046970 1288.773196
597.297328 1286.592784
597.547546 1287.358974
597.798916 1289.659794
598.049332 1287.175258
598.299577 1287.056410
598.550844 1289.886598
598.801387 1288.675258
599.051817 1286.762887
599.301947 1288.005155
599.552120 1290.551546
599.802596 1233.576355
-----------------------------------
MEMD, exp2_memcached_out, 4527478.000000, 38.000000, 1323.425204, 1814.213168, 1277.000000, 1508.000000, 6252.523000, 81401.106500, 378004.000000, 2245.623076, 2016.560686
