0.000000 5947.666667
5.527261 5510324.000000
7.747093 2219829.000000
9.583086 1835988.000000
10.795088 45698.225806
11.203079 13162.741935
11.611107 13154.870968
12.019072 13164.161290
12.427078 13597.100000
12.835068 13598.700000
13.243066 13598.500000
13.651070 13599.033333
14.059075 13597.600000
14.467064 13596.200000
14.875081 13599.333333
15.283074 13600.666667
15.691076 13597.600000
16.099076 13601.566667
16.507080 13597.733333
16.915080 13598.033333
17.323083 13600.266667
17.731078 13597.933333
18.139078 13600.200000
18.547089 13598.033333
18.955100 13598.633333
19.363123 13598.833333
19.771086 13597.400000
20.179100 13601.266667
20.587109 13597.500000
20.995068 13597.933333
21.403078 13598.733333
21.811075 13598.666667
22.219069 13600.500000
22.627081 13597.366667
23.035064 13600.366667
23.443084 13597.100000
23.851084 13596.166667
24.259107 13604.266667
24.667106 13597.700000
25.075088 13597.233333
25.483108 13603.133333
25.891111 13594.833333
26.299155 13600.833333
26.707160 13598.233333
27.115126 13599.900000
27.523114 13596.233333
27.931096 13595.466667
28.339110 13600.266667
28.747089 13596.933333
29.155140 13601.700000
29.563145 13598.866667
29.971138 13594.666667
30.379100 13602.366667
30.787097 13596.633333
31.195106 13599.366667
31.603096 13598.133333
32.011095 13598.933333
32.419103 13598.033333
32.827098 13596.466667
33.235097 13600.833333
33.643101 13596.466667
34.051091 13601.266667
34.459103 13599.733333
34.867104 13596.366667
35.275135 13600.366667
35.683097 13597.700000
36.091100 13599.300000
36.499108 13600.533333
36.907137 13593.400000
37.315156 13599.366667
37.723125 13601.466667
38.131104 13597.666667
38.539091 13597.500000
38.947090 13599.066667
39.355127 13598.933333
39.763106 13597.900000
40.171132 13601.000000
40.579104 13594.466667
40.987097 13598.900000
41.395092 13598.666667
41.803104 13600.066667
42.211095 13595.166667
42.619078 13602.633333
43.027137 13598.766667
43.435126 13596.500000
43.843094 13598.233333
44.251089 13601.066667
44.659095 13597.433333
45.067085 13596.866667
45.475085 13598.566667
45.883083 13598.000000
46.291082 13602.400000
46.699083 13598.733333
47.107077 13597.433333
47.515078 13597.733333
47.923081 13598.900000
48.331170 13599.466667
48.739083 13597.700000
49.147079 13601.000000
49.555088 13596.966667
49.963083 13597.633333
50.371104 13601.700000
50.779083 13597.333333
51.187079 13598.166667
51.595083 13601.200000
52.003081 13597.800000
52.411082 13597.366667
52.819051 13598.400000
53.227074 13598.833333
53.635091 13599.733333
54.043080 13596.733333
54.451086 13600.833333
54.859077 13597.133333
55.267078 13602.100000
55.675082 13597.633333
56.083079 13597.300000
56.491078 13600.233333
56.899116 13598.533333
57.307107 13596.700000
57.715084 13600.966667
58.123073 13599.400000
58.531081 13599.433333
58.939079 13595.500000
59.347080 13598.800000
59.755081 13600.266667
60.163075 13597.533333
60.571081 13600.166667
60.979104 13599.366667
61.387101 13596.600000
61.795085 13599.933333
62.203080 13598.466667
62.611081 13597.033333
63.019043 13600.766667
63.427083 13599.400000
63.835097 13596.933333
64.243076 13601.066667
64.651112 13600.066667
65.059094 13596.000000
65.467080 13599.300000
65.875079 13596.566667
66.283080 13600.366667
66.691106 13600.066667
67.099087 13597.200000
67.507087 13596.800000
67.915081 13600.366667
68.323082 13598.500000
68.731165 13598.866667
69.139090 13596.866667
69.547078 13598.400000
69.955085 13598.666667
70.363081 13598.766667
70.771077 13602.033333
71.179102 13597.833333
71.587087 13594.266667
71.995078 13601.566667
72.403077 13598.733333
72.811079 13596.366667
73.219043 13599.000000
73.627079 13599.600000
74.035093 13599.266667
74.443074 13600.533333
74.851082 13597.500000
75.259079 13599.800000
75.667101 13599.966667
76.075103 13597.066667
76.483096 13595.566667
76.891075 13599.833333
77.299081 13598.400000
77.707083 13599.866667
78.115075 13599.266667
78.523080 13597.966667
78.931147 13597.900000
79.339079 13599.066667
79.747080 13598.066667
80.155077 13602.500000
80.563082 13595.100000
80.971077 13598.666667
81.379077 13601.066667
81.787080 13596.266667
82.195076 13599.033333
82.603081 13599.900000
83.011075 13597.466667
83.419056 13607.800000
83.827089 13598.866667
84.235128 13601.166667
84.643119 13597.433333
85.051089 13594.666667
85.459097 13599.133333
85.867107 13599.900000
86.275133 13598.900000
86.683097 13598.833333
87.091096 13594.833333
87.499106 13600.000000
87.907093 13597.300000
88.315101 13600.866667
88.723197 13597.133333
89.131125 13599.066667
89.539114 13594.900000
89.947128 13600.766667
90.355147 13598.200000
90.763104 13595.366667
91.171108 13599.300000
91.579104 13597.700000
91.987118 13594.600000
92.395105 13601.033333
92.803102 13600.033333
93.211083 13600.233333
93.619106 13596.100000
94.027101 13597.866667
94.435104 13599.266667
94.843121 13588.666667
95.251097 13600.200000
95.659109 13598.166667
96.067101 13597.000000
96.475109 13599.333333
96.883096 13598.700000
97.291092 13598.166667
97.699097 13598.666667
98.107094 13596.200000
98.515090 13600.100000
98.923096 13598.766667
99.331104 13598.833333
99.739093 13601.266667
100.147099 13598.400000
100.555200 13596.933333
100.963111 13597.700000
101.371153 13601.200000
101.779139 13598.800000
102.187132 13599.533333
102.595175 13595.333333
103.003105 13597.933333
103.411178 13603.000000
103.819132 13595.566667
104.227196 13599.166667
104.635125 13598.366667
105.043107 13599.566667
105.451182 13596.266667
105.859136 13596.333333
106.267137 13603.800000
106.675102 13596.233333
107.083203 13600.700000
107.491116 13595.700000
107.899151 13600.233333
108.307125 13596.933333
108.715187 13600.600000
109.123150 13595.366667
109.531144 13600.433333
109.939096 13597.233333
110.347098 13596.800000
110.755118 13601.233333
111.163104 13596.933333
111.571175 13600.166667
111.979104 13596.433333
112.387103 13598.100000
112.795110 13600.500000
113.203088 13597.800000
113.611095 13595.600000
114.019092 13600.566667
114.427087 13601.466667
114.835114 13598.666667
115.243123 13597.466667
115.651113 13596.933333
116.059096 13596.033333
116.467140 13602.000000
116.875096 13597.600000
117.283142 13601.433333
117.691104 13597.100000
118.099098 13597.333333
118.507104 13598.800000
118.915091 13597.866667
119.323148 13601.866667
119.731098 13596.366667
120.139102 13598.366667
120.547096 13600.566667
120.955103 13596.733333
121.363144 13596.266667
121.771113 13601.166667
122.179081 13601.033333
122.587106 13592.966667
122.995124 13602.033333
123.403096 13596.166667
123.811143 13595.533333
124.219089 13600.733333
124.627103 13597.133333
125.035094 13601.433333
125.443178 13597.533333
125.851123 13600.466667
126.259099 13597.466667
126.667098 13599.700000
127.075128 13599.066667
127.483169 13595.566667
127.891142 13601.600000
128.299101 13598.566667
128.707119 13595.866667
129.115096 13599.566667
129.523105 13599.666667
129.931110 13597.100000
130.339130 13596.100000
130.747146 13598.466667
131.155077 13604.400000
131.563087 13591.866667
131.971105 13604.133333
132.379094 13596.400000
132.787093 13597.333333
133.195144 13601.633333
133.603104 13595.633333
134.011089 13597.966667
134.419163 13603.733333
134.827125 13594.333333
135.235082 13599.300000
135.643095 13598.733333
136.051093 13598.100000
136.459098 13598.500000
136.867102 13600.066667
137.275099 13597.566667
137.683168 13596.300000
138.091103 13602.966667
138.499118 13598.033333
138.907130 13597.966667
139.315217 13599.333333
139.723133 13596.633333
140.131153 13598.366667
140.539176 13599.033333
140.947158 13597.466667
141.355188 13600.833333
141.763176 13595.733333
142.171146 13601.266667
142.579162 13596.600000
142.987151 13597.733333
143.395168 13598.266667
143.803142 13600.900000
144.211112 13592.866667
144.619138 13599.233333
145.027133 13599.700000
145.435102 13599.233333
145.843093 13600.266667
146.251126 13605.200000
146.659124 13597.033333
147.067104 13596.466667
147.475108 13599.833333
147.883124 13597.566667
148.291097 13596.366667
148.699144 13601.133333
149.107107 13598.033333
149.515151 13598.666667
149.923095 26110.823529
150.367168 71739.000000
150.628647 24917.900000
151.067122 14760.137931
151.475117 14069.275862
151.883110 13599.866667
152.142251 95522.000000
152.395079 48777.500000
152.683696 220606.000000
153.319109 127170.400000
154.195092 36006.666667
154.603094 13157.806452
155.011095 13160.225806
155.423107 13292.612903
155.831125 13157.806452
156.239109 13595.700000
156.647099 13600.133333
157.055094 13597.700000
157.463097 13609.133333
157.886639 26498.062500
158.306683 62473.666667
158.923078 57091.250000
159.547096 124752.800000
160.423106 36007.833333
160.831091 13598.333333
161.239098 13599.533333
161.647090 13597.633333
162.055087 13599.300000
162.463095 13598.633333
162.871082 13598.900000
163.279088 13599.366667
163.687077 13595.100000
164.095086 13601.266667
164.503105 13597.166667
164.911106 13601.100000
165.324898 112809.500000
165.630100 33620.000000
165.899713 37996.571429
166.575116 46288.000000
166.995697 61950.666667
167.378942 113435.500000
167.631891 28793.117647
168.091074 13744.000000
168.499118 20398.233333
168.907104 13597.633333
169.315125 13599.333333
170.187133 71728.933333
170.595079 25498.500000
171.003075 27188.333333
171.411086 39325.000000
171.855504 114865.000000
172.118522 24892.200000
172.787103 109751.500000
173.039115 21640.590909
173.467097 19420.380952
173.875095 13603.700000
174.283126 14068.310345
174.691102 14065.551724
175.099109 14568.714286
175.507104 14067.896552
175.915094 14068.793103
176.323093 14066.620690
176.731100 14067.586207
177.139194 14067.137931
177.547123 14069.068966
177.955103 14066.448276
178.363101 14068.034483
178.771100 14567.392857
179.179091 14072.034483
179.587162 14063.965517
179.995095 14068.137931
180.403117 14065.137931
180.820157 108778.000000
181.090864 83516.000000
181.359505 40613.166667
181.610240 44953.750000
181.898629 92041.000000
182.207401 67603.200000
182.506503 25787.000000
183.011123 63002.375000
183.479088 21805.387097
183.891073 13161.451613
184.299076 13161.096774
184.707082 13595.800000
185.120489 25602.437500
185.585556 81442.200000
185.976021 65630.428571
186.281489 50358.200000
186.550147 86777.000000
186.829223 29737.500000
187.101449 83743.500000
187.351539 1935.500000
187.641996 44232.636364
187.902439 16428.444444
188.214181 152014.000000
188.468740 13845.000000
188.764612 45191.100000
189.166114 116565.000000
189.431105 32718.250000
189.867135 30180.272727
190.307113 14341.931034
190.715088 14064.896552
191.123089 14068.103448
191.531098 13602.800000
191.954825 64886.900000
192.220705 13817.400000
192.486274 28583.352941
192.758138 38599.500000
193.222793 163916.666667
193.484346 89050.000000
193.956436 25685.500000
194.719020 28681.838710
195.775093 70404.533333
196.183086 27190.066667
196.591081 27189.200000
197.017153 59108.400000
197.316358 87338.600000
197.747633 73363.250000
198.036459 38148.000000
198.291224 74460.600000
198.639727 113570.500000
199.108972 68963.250000
199.612024 162698.666667
199.915070 15964.266667
200.331084 14130.600000
203.779181 121731.866667
204.187086 14071.862069
204.595073 14064.379310
205.003088 14068.586207
205.411117 14066.689655
205.819128 14567.321429
206.227104 14069.655172
206.635101 14064.103448
207.043115 26420.882353
207.315883 83708.333333
207.757057 49419.166667
208.092669 71252.750000
208.352119 33367.555556
208.651098 42356.571429
208.944663 52246.111111
209.425528 47151.833333
209.703091 119569.000000
210.407062 28614.062500
211.871101 1463330.000000
212.191164 17489.766667
212.599093 13155.774194
213.007094 13601.066667
213.439172 21199.800000
213.847112 14064.758621
214.255100 14069.655172
214.663162 14065.655172
215.071112 14067.206897
215.479100 14568.892857
215.887184 14069.620690
216.295127 14068.793103
216.703180 14069.517241
217.111169 14065.000000
217.519127 14067.586207
217.927109 14069.000000
218.335112 14066.620690
218.743090 14562.071429
219.163117 21518.103448
219.571103 14067.275862
219.979097 14069.068966
220.387116 14065.068966
220.795120 14073.103448
221.203101 14567.892857
221.611140 14067.724138
222.019141 14062.310345
222.427108 14068.655172
222.835152 14068.137931
223.243113 14066.862069
223.651100 14072.172414
224.059091 14062.862069
224.467093 14072.758621
224.875123 14563.678571
225.283104 14069.655172
225.691154 14064.931034
226.099117 14070.241379
226.507102 14066.000000
226.915119 14066.206897
227.323122 14072.758621
227.731115 14065.310345
228.139136 14066.655172
228.547100 14569.464286
228.955108 14067.655172
229.363102 14065.965517
229.771091 14069.310345
230.179102 14067.551724
230.587097 14067.206897
230.995108 14068.896552
231.403107 14070.000000
231.811100 14062.689655
232.219061 14569.571429
232.627130 14070.655172
233.035163 14068.758621
233.443136 14064.034483
233.851128 14067.965517
234.259082 14068.413793
234.667111 14068.448276
235.075107 14067.206897
235.483090 14066.103448
235.891084 14573.321429
236.309042 76726.833333
236.899592 93413.400000
237.247084 55046.250000
237.675229 60001.285714
238.363078 22799.233333
238.771071 13599.633333
239.179075 13596.866667
239.587084 13599.066667
239.995074 13599.833333
240.403074 13598.666667
240.811077 13597.133333
241.219055 13599.466667
241.627108 13599.866667
242.035073 13596.266667
242.443116 13603.466667
242.870246 34571.375000
243.215100 133468.250000
243.507868 16064.500000
244.223100 133766.800000
244.719111 59011.166667
245.135099 13599.700000
245.543082 13602.466667
245.975088 21197.366667
246.383091 14067.551724
246.791083 14067.689655
247.199088 14066.275862
247.607090 14071.655172
248.015080 14566.107143
248.423105 14066.931034
248.831086 14068.586207
249.239095 14066.793103
249.647085 18548.590909
250.055088 14064.724138
250.463083 14068.379310
250.871085 13600.200000
251.124940 101901.666667
251.609529 18491.718750
251.967150 13872.620690
253.455102 70860.047619
253.863092 14067.413793
254.271086 14069.137931
254.679074 14066.482759
255.087082 14066.965517
255.495102 14069.793103
255.903080 14565.964286
256.311109 13604.733333
256.731098 20797.700000
257.139086 14067.793103
257.547094 14067.896552
257.955094 14566.000000
258.375082 21518.172414
258.783103 14068.655172
259.395108 27813.954545
259.803075 13162.483871
260.211075 13157.290323
260.619080 13162.322581
261.027078 16999.416667
261.439048 39733.909091
261.696680 22380.000000
262.003273 222466.000000
262.563087 25477.566667
262.971140 13601.200000
263.379090 13600.100000
263.787086 13594.666667
264.203081 14347.137931
264.611114 14066.137931
265.019054 14066.724138
265.427137 14071.241379
265.835130 14064.896552
266.243171 14072.034483
266.867160 20796.500000
267.275159 14070.413793
267.683119 20380.800000
268.095681 74635.166667
268.390094 27947.000000
268.753767 88861.500000
269.047104 33407.733333
269.491180 30556.428571
270.339115 90869.428571
272.444383 359987.333333
272.707140 41602.000000
272.980607 69191.000000
273.267227 53226.375000
273.687158 51975.625000
274.099211 51018.000000
274.507185 51002.875000
274.915174 58251.142857
275.323180 51017.000000
275.731159 51038.375000
276.139102 50951.875000
276.547136 58263.142857
276.955172 50997.625000
277.363097 58285.714286
277.771104 51060.125000
278.179181 58258.571429
278.587128 58271.285714
278.995183 67951.000000
279.403143 58308.428571
279.811114 50978.000000
280.219102 51023.250000
280.627151 67979.333333
281.035140 58266.714286
281.443146 50993.375000
281.851169 51022.500000
282.259151 50995.125000
282.667203 51022.000000
283.075120 50993.875000
283.483126 50967.500000
283.891102 51007.250000
284.299151 51036.250000
284.707095 67905.833333
285.115093 45350.333333
285.523123 45322.111111
285.931125 37121.000000
286.339105 37093.454545
286.747124 45327.888889
287.155133 40779.600000
287.563137 40795.300000
287.971120 40806.800000
288.379114 40807.900000
288.787096 37068.363636
289.195134 37117.818182
289.603147 37085.454545
290.011087 37093.454545
290.419058 40771.700000
290.827123 37107.727273
291.235085 33993.500000
291.643082 33991.500000
292.051143 40766.000000
292.459117 40837.300000
292.867105 40801.000000
293.275124 40783.200000
293.683100 37093.090909
294.091085 37087.181818
294.499149 37081.272727
294.907144 40798.200000
295.315106 40795.500000
295.723085 40820.600000
296.131094 40794.800000
296.539086 40797.700000
296.947128 40772.700000
297.355138 40826.600000
297.763093 40767.800000
298.171122 40822.000000
298.579098 37076.909091
298.987138 34007.666667
299.395106 40779.000000
299.803132 40805.100000
300.211122 37105.909091
300.619068 37063.636364
301.027150 45341.333333
301.435113 40790.200000
301.843095 37111.636364
302.251107 40782.300000
302.659105 34009.666667
303.067078 40756.300000
303.475080 40817.100000
303.883087 37092.454545
304.291088 37084.181818
304.699107 37109.727273
305.107091 40787.600000
305.515133 37104.727273
305.923131 40770.400000
306.331118 37085.454545
306.739081 34018.333333
307.147141 40780.800000
307.555143 37104.272727
307.963119 37086.363636
308.371129 45309.777778
308.779080 37110.818182
309.187104 37089.272727
309.595111 33975.416667
310.003123 40801.400000
310.411130 37119.181818
310.819049 25496.375000
311.227105 27197.600000
311.635090 25485.125000
312.043093 29138.214286
312.451127 25503.312500
312.859077 27191.400000
313.267069 27197.733333
313.675099 27212.466667
314.083081 25499.312500
314.491076 27188.200000
314.899095 25514.062500
315.307070 25495.312500
315.715072 25486.000000
316.123099 27216.000000
316.531081 27176.666667
316.939090 25506.000000
317.347103 29137.357143
317.755073 25493.812500
318.163115 27203.466667
318.571123 27211.733333
318.979110 27182.266667
319.387077 25509.500000
319.795101 27186.533333
320.203124 29144.714286
320.611134 27199.066667
321.019056 27196.066667
321.427107 29140.571429
321.835129 25514.625000
322.243090 25496.437500
322.651099 27181.400000
323.059103 25510.500000
323.467069 27186.133333
323.875092 25507.562500
324.283081 25486.125000
324.691099 27217.866667
325.099131 27198.200000
325.507103 25486.312500
325.915131 25496.312500
326.323146 25510.687500
326.731151 25500.875000
327.139137 25493.312500
327.547115 27196.333333
327.955153 27195.600000
328.363077 25492.437500
328.771143 27209.866667
329.179168 27185.666667
329.587137 25502.812500
329.995123 29127.142857
330.403126 27214.466667
330.811108 27183.000000
331.219063 25517.312500
331.627123 27184.200000
332.035124 27186.666667
332.443149 27209.000000
332.851129 27201.266667
333.259122 27203.133333
333.667187 27186.733333
334.075120 29133.642857
334.483179 27204.666667
334.891156 27217.066667
335.299121 27190.666667
335.707109 25490.562500
336.115222 25494.000000
336.523125 27205.000000
336.931119 27193.333333
337.339103 27202.133333
337.747119 27196.800000
338.155175 27211.600000
338.563162 25487.250000
338.971131 27206.733333
339.379120 29120.714286
339.787180 25508.000000
340.195129 25506.562500
340.603130 29117.714286
341.011127 24016.352941
341.443133 14397.133333
341.851169 14066.137931
342.259110 14068.379310
342.871083 19738.967742
343.279115 13164.612903
343.687121 13593.500000
344.095081 13599.500000
344.503089 13599.933333
344.911086 13594.800000
345.319075 13604.033333
345.727086 13596.833333
346.135083 13597.466667
346.543119 13598.333333
346.951149 13600.566667
347.359089 13598.900000
347.767095 13595.200000
348.175107 13598.300000
348.583095 13599.133333
348.991108 13601.733333
349.399152 13595.900000
349.807103 13597.566667
350.215105 13599.566667
350.623089 13598.000000
351.031101 13598.933333
351.439094 13598.366667
351.847070 13598.033333
352.255078 13600.500000
352.663091 13599.400000
353.071083 13597.733333
353.479086 13597.333333
353.887087 13600.133333
354.295078 13597.633333
354.703095 13599.000000
355.111105 13599.166667
355.519081 13596.833333
355.927082 13598.700000
356.335073 13599.333333
356.743086 13599.033333
357.151094 13597.666667
357.559095 13598.400000
357.967081 13596.966667
358.375093 13601.166667
358.783074 13598.233333
359.191076 13597.433333
359.599084 13601.266667
360.007087 13599.100000
360.415102 13597.200000
360.823075 13599.166667
361.231086 13596.766667
361.639086 13600.166667
362.047108 13599.300000
362.455128 13605.033333
362.863075 13590.066667
363.271090 13599.300000
363.679084 13599.266667
364.087085 13596.500000
364.495076 13600.966667
364.903075 13598.100000
365.311082 13599.433333
365.719080 13599.633333
366.127077 13594.866667
366.535073 13601.066667
366.943085 13598.200000
367.351083 13606.700000
367.759074 13590.933333
368.167078 13598.533333
368.575074 13596.433333
368.983079 13600.466667
369.391083 13597.000000
370.043086 29516.689655
370.451095 14066.758621
370.859084 14068.931034
371.267087 14067.655172
371.675091 13596.533333
372.083101 19745.258065
372.491129 13159.322581
373.127118 21198.066667
373.535115 14066.551724
373.943112 14065.793103
374.555075 19742.483871
374.963090 13160.129032
375.371085 13158.193548
375.779077 13162.612903
376.187076 13862.900000
376.603085 14067.620690
377.011123 31373.692308
377.419120 29153.000000
377.827096 29120.857143
378.235128 61207.500000
378.643151 40804.400000
379.051118 45278.777778
379.459103 40834.200000
379.867109 37092.545455
380.275115 37082.454545
380.987112 23734.433333
381.395112 13159.064516
382.007104 35993.411765
382.415108 28525.000000
383.291088 38904.545455
383.903123 47093.615385
384.311080 25493.937500
384.743112 30845.214286
385.151137 27202.666667
385.763134 19744.677419
386.171105 13162.193548
386.579156 13160.935484
388.095149 50528.533333
388.503189 14070.931034
388.911131 14062.896552
389.319126 14067.655172
389.727129 14570.857143
390.147095 21513.965517
390.555139 14069.448276
390.963106 14065.620690
391.371170 14579.071429
393.087154 66200.482759
393.495153 19427.666667
393.903178 14068.413793
394.311170 13604.066667
394.731162 20796.800000
395.139132 14566.892857
395.547123 18543.545455
395.955150 14570.750000
396.363138 14067.482759
396.771134 14068.241379
397.179122 14065.965517
397.587104 14066.965517
397.995132 14070.000000
398.403137 14069.310345
398.811126 14064.931034
399.219111 14068.551724
399.627098 14567.214286
400.035112 14069.172414
400.443109 14068.413793
400.851108 14066.000000
401.259088 14068.000000
401.667109 14069.965517
402.075101 14063.241379
402.483105 14069.275862
402.891100 14069.034483
403.299096 14565.892857
403.707093 14068.689655
404.115097 14067.724138
404.523113 13600.100000
404.931077 13160.516129
405.339077 13158.387097
405.747075 13162.096774
406.155079 13597.000000
406.563075 13598.300000
406.971101 13599.166667
407.379070 13599.200000
407.787084 13596.433333
408.195084 13600.733333
408.603105 13599.100000
409.011094 13597.900000
409.419086 13599.666667
409.827084 13597.633333
410.235083 13597.266667
410.643081 13601.500000
411.051086 13596.333333
411.459083 13601.233333
411.867091 13596.900000
412.275091 13599.466667
412.683102 13598.166667
413.091086 13599.666667
413.499112 13598.333333
413.907083 13598.800000
414.315092 13597.700000
414.723091 13603.000000
415.131089 13593.133333
415.539082 13600.866667
415.947091 13598.000000
416.355089 13598.033333
416.763089 13599.600000
417.171096 13598.200000
417.579106 13598.733333
417.987076 13596.233333
418.395104 13600.800000
418.803099 13597.433333
419.211095 13598.933333
419.619087 13599.900000
420.027077 13599.000000
420.435080 13598.833333
420.843079 13596.733333
421.251109 13600.366667
421.659102 13599.233333
422.067076 13598.100000
422.475119 13599.566667
422.883097 13596.633333
423.291082 13598.733333
423.699112 13599.833333
424.107089 13597.266667
424.515085 13598.033333
424.923080 13600.200000
425.331084 13598.800000
425.739081 13598.733333
426.147086 13599.033333
426.555091 13599.066667
426.963097 13595.866667
427.371103 13599.900000
427.779094 13599.500000
428.187090 13597.500000
428.595077 13600.100000
429.003081 13597.033333
429.411100 13600.100000
429.819101 13598.133333
430.227101 13598.433333
430.635081 13596.866667
431.043076 13600.566667
431.451102 13598.766667
431.859080 13599.333333
432.267087 13598.000000
432.675102 13599.433333
433.083094 13598.266667
433.491082 13598.766667
433.899081 13596.566667
434.307088 13601.800000
434.715076 13598.300000
435.123083 13598.533333
435.531085 13598.433333
435.939095 13597.400000
436.347083 13599.200000
436.755076 13600.066667
437.163077 13599.000000
437.571092 13598.133333
437.979084 13597.666667
438.387081 13598.066667
438.795084 13600.766667
439.203083 13599.433333
439.611078 13597.600000
440.019078 13599.100000
440.427093 13598.900000
440.835076 13597.233333
441.243097 13597.266667
441.651078 13602.300000
442.059076 13597.733333
442.467081 13599.566667
442.875086 13598.566667
443.283081 13597.500000
443.691072 13599.600000
444.099076 13599.300000
444.507077 13597.566667
444.915098 13598.266667
445.323088 13600.600000
445.731088 13599.600000
446.139095 13597.800000
446.547126 13599.466667
446.955125 13595.633333
447.363101 13600.266667
447.771100 13598.666667
448.179094 13598.866667
448.587089 13595.566667
448.995097 13600.633333
449.403108 13597.933333
449.811120 13598.000000
450.219084 13598.800000
450.627092 13599.200000
451.035151 13602.400000
451.443216 13596.466667
451.851154 13598.500000
452.259103 13594.700000
452.667116 13601.400000
453.075097 13597.866667
453.483093 13596.400000
453.891136 13600.700000
454.299097 13597.200000
454.707090 13599.966667
455.115084 13598.300000
455.523104 13599.466667
455.931086 13597.866667
456.339133 13597.733333
456.747105 13599.900000
457.155141 13597.700000
457.563109 13599.000000
457.971131 13599.200000
458.379097 13597.100000
458.787091 13599.466667
459.195100 13597.533333
459.603093 13599.600000
460.011085 13599.300000
460.419112 13595.100000
460.827103 13600.266667
461.235133 13598.500000
461.643114 13601.700000
462.051104 13595.600000
462.459129 13598.533333
462.867145 13599.700000
463.275107 13598.066667
463.683117 13598.100000
464.091116 13598.200000
464.499102 13599.200000
464.907106 13597.300000
465.315094 13598.033333
465.723089 13600.100000
466.131084 13598.500000
466.539091 13597.566667
466.947100 13599.933333
467.355135 13598.600000
467.763118 13599.766667
468.171105 13596.066667
468.579108 13600.100000
468.987105 13596.566667
469.395097 13598.166667
469.803116 13600.466667
470.211107 13600.033333
470.619094 13597.266667
471.027102 13599.633333
471.435113 13597.266667
471.843140 13599.233333
472.251105 13597.033333
472.659102 13600.400000
473.067097 13595.633333
473.475130 13601.200000
473.883097 13597.266667
474.291118 13596.433333
474.699120 13599.200000
475.107093 13599.833333
475.515073 13600.366667
475.923099 13597.300000
476.331095 13596.100000
476.739082 13599.366667
477.147078 13600.233333
477.555088 13597.100000
477.963085 13599.066667
478.371101 13599.466667
478.779162 13598.900000
479.187117 13596.000000
479.595111 13601.366667
480.003075 13598.400000
480.411116 13597.200000
480.819081 13599.000000
481.227082 13598.600000
481.635077 13599.233333
482.043086 13598.433333
482.451098 13599.166667
482.859078 13599.733333
483.267081 13598.733333
483.675079 13596.966667
484.083087 13598.966667
484.491073 13599.933333
484.899086 13595.933333
485.307076 13600.700000
485.715090 13599.366667
486.123105 13599.600000
486.531083 13602.166667
486.939085 13593.500000
487.347100 13598.366667
487.755102 13599.666667
488.163096 13598.666667
488.571090 13598.000000
488.979082 13598.300000
489.387090 13599.533333
489.795085 13599.400000
490.203077 13598.533333
490.611086 13596.200000
491.019077 13598.866667
491.427087 13600.966667
491.835074 13597.733333
492.243102 13600.033333
492.651105 13598.266667
493.059082 13597.300000
493.467085 13600.266667
493.875090 13595.633333
494.283089 13601.200000
494.691082 13596.400000
495.099081 13600.033333
495.507089 13599.800000
495.915074 13595.500000
496.323084 13602.633333
496.731083 13598.200000
497.139081 13598.766667
497.547102 13597.300000
497.955089 13600.000000
498.363104 13599.533333
498.771086 13598.200000
499.179082 13598.300000
499.587082 13596.700000
499.995082 13599.766667
500.403107 13598.833333
500.811081 13595.466667
501.219084 13603.300000
501.627072 13597.900000
502.035071 13599.800000
502.443106 13597.500000
502.851085 13597.100000
503.259084 13598.233333
503.667080 13598.900000
504.075088 13600.466667
504.483100 13598.666667
504.891086 13600.133333
505.299106 13599.366667
505.707101 13596.766667
506.115114 13598.600000
506.523169 13598.800000
506.931118 13595.866667
507.339115 13603.133333
507.747099 13597.766667
508.155103 13598.166667
508.563092 13600.833333
508.971107 13597.200000
509.379139 13597.866667
509.787119 13597.933333
510.195172 13600.333333
510.603159 13597.133333
511.011171 13597.333333
511.427103 14343.862069
511.835129 14065.724138
512.243115 14067.827586
512.651124 14068.482759
513.263120 27807.909091
513.671106 25508.562500
514.103147 19996.000000
514.519113 14070.758621
514.927129 14068.068966
515.335117 14065.344828
515.959107 20798.166667
517.015121 75425.785714
517.423171 31365.307692
517.831105 33997.666667
518.251124 44572.357143
518.659113 29141.714286
519.283096 44577.214286
519.895139 47076.000000
520.303125 19636.954545
520.735122 13163.129032
521.143106 13158.709677
521.551101 25452.562500
522.523101 74822.307692
522.931109 27196.866667
523.339099 27187.800000
523.747107 29138.642857
524.155117 25508.562500
524.563103 29124.428571
524.971111 27213.666667
525.379101 25498.625000
525.787104 27186.000000
526.195096 29137.857143
526.603086 25513.375000
527.011068 27182.400000
527.419093 25515.812500
527.827100 31358.615385
528.235072 29147.142857
528.643105 25506.687500
529.051100 29128.785714
529.459096 29145.000000
529.899089 439500.000000
531.363087 1463993.000000
532.539087 44534.451613
532.947077 13163.387097
533.355078 13159.193548
533.991081 21196.033333
534.399105 14575.142857
534.819098 21513.965517
535.227150 14068.448276
535.635098 13600.133333
536.055119 20800.266667
536.667161 26606.565217
537.299085 27473.565217
537.707073 13158.806452
538.115068 13162.258065
538.531082 14341.344828
538.939075 13600.666667
539.347074 38249.937500
540.687089 46202.413793
541.095098 14068.517241
541.503096 14067.448276
541.911094 14065.896552
542.319093 14071.551724
542.727089 14067.827586
543.339086 43702.785714
543.747092 27197.066667
544.155104 25509.625000
544.563110 25492.000000
544.971077 27195.800000
545.379084 25505.625000
545.787078 25497.250000
546.195080 27187.600000
546.603144 27209.866667
547.011092 25499.000000
547.419097 27190.466667
547.827126 25503.687500
548.235075 25499.312500
548.643074 27199.400000
549.051076 25497.125000
549.459123 25497.687500
549.867130 25500.000000
550.275081 27184.733333
550.683081 27212.066667
551.091074 27182.733333
551.499095 29141.714286
551.907067 27194.933333
552.315077 27201.133333
552.723085 27199.666667
553.131067 27209.666667
553.539068 27186.866667
553.947080 27210.466667
554.355108 25498.187500
554.763081 29132.285714
555.171092 25503.750000
555.579083 27198.666667
555.987079 25494.250000
556.395102 27194.866667
556.803079 25499.125000
557.211105 25496.687500
557.619107 27201.066667
558.027100 27203.933333
558.435101 25500.125000
558.843085 27185.200000
559.251065 27197.533333
559.659082 29141.285714
560.067102 25505.875000
560.475082 27187.466667
560.883101 27213.466667
561.291072 27182.200000
561.699081 27215.333333
562.107083 27186.200000
562.515084 27211.533333
562.923081 25488.062500
563.331089 25506.500000
563.739079 27188.933333
564.147074 25498.937500
564.555153 27206.733333
564.963071 25497.562500
565.371105 29131.785714
565.779087 25499.562500
566.187077 27201.400000
566.595111 29140.928571
567.003143 29141.357143
567.411099 29137.571429
567.819139 29136.785714
568.227097 27203.800000
568.635100 27194.133333
569.043075 25506.437500
569.451095 27186.866667
569.859144 29144.071429
570.267092 27193.533333
570.675140 27192.866667
571.083091 27199.000000
571.491136 27208.666667
571.899145 27196.466667
572.307127 25502.875000
572.715107 27190.666667
573.123102 29140.071429
573.531090 27189.800000
573.939091 27214.200000
574.347089 27191.266667
574.755125 25504.812500
575.163112 27189.533333
575.571100 27206.533333
575.979091 27187.733333
576.387088 27197.200000
576.795108 27202.066667
577.203098 27198.733333
577.611104 27191.533333
578.019099 29144.000000
578.427157 27204.133333
578.835117 27188.400000
579.243140 29140.857143
579.651089 29146.357143
580.059113 27196.666667
580.467177 27206.200000
580.875135 27198.066667
581.283095 25497.750000
581.691099 25495.375000
582.099106 27185.400000
582.507147 29145.285714
582.915150 29145.428571
583.323092 25503.750000
583.731096 25498.375000
584.139091 27185.933333
584.547092 25511.125000
584.955092 27184.333333
585.363106 27199.800000
585.771115 27196.733333
586.179134 27212.133333
586.587149 27185.066667
586.995142 27209.133333
587.403164 27182.933333
587.811155 29145.071429
588.219095 27206.000000
588.627113 29132.571429
589.035093 25511.312500
589.443117 27191.666667
589.851093 27183.400000
590.259154 29148.714286
590.667121 29141.428571
591.075088 25506.062500
591.483143 27197.800000
591.891073 29132.000000
592.299100 29131.785714
592.707144 25512.437500
593.115114 25494.937500
593.523089 25502.500000
593.931131 27196.466667
594.339184 27191.666667
594.747116 29135.642857
595.155081 25509.562500
595.563091 25495.750000
595.971079 25495.125000
596.379082 25501.875000
596.787151 25493.125000
597.195085 27196.400000
597.603140 29139.785714
598.011155 29135.142857
598.419115 25509.687500
598.827142 27198.800000
599.235094 25494.000000
599.643114 27203.200000
600.051141 19259.616253
600.335121 17582.895629
600.595140 13601.600000
601.003120 19538.010979
601.303198 13599.233333
-----------------------------------
MEMD, exp3_memcached_out, 322754.000000, 29.000000, 18594.817031, 73586.428877, 48.000000, 203580.000000, 439169.628000, 1478076.819799, 12700077.000000, 75899.471243, 75792.156428
