0.000000 1203.764423
0.251294 1292.123711
0.502349 1293.335052
0.753464 1293.051813
1.003496 1292.541237
1.254618 1287.871134
1.504940 1291.902062
1.755752 1289.979381
2.006449 1293.185567
2.257629 1286.435897
2.508927 1289.644330
2.759428 1285.538462
3.010427 1288.567010
3.261047 1288.778351
3.511266 1286.558974
3.762639 1287.737113
4.012790 1289.530928
4.263237 1291.819588
4.514165 1287.984536
4.764521 1291.185567
5.015313 1287.350515
5.265452 1287.010309
5.515632 1290.855670
5.766302 1285.882051
6.017460 1287.567010
6.267696 1288.453608
6.518083 1286.892308
6.769223 1289.123711
7.019641 1288.386598
7.270140 1288.221649
7.520437 1285.317949
7.771299 1287.092784
8.021610 1288.417526
8.271832 1288.582474
8.522104 1289.989691
8.772654 1288.463918
9.023160 1289.149485
9.273527 1284.830769
9.524273 1288.448454
9.774782 1287.778351
10.025060 1287.410256
10.276433 1287.015385
10.527630 1287.479381
10.777936 1290.231959
11.028509 1284.753846
11.279347 1286.144330
11.529491 1289.231959
11.779765 1283.482051
12.030594 1287.731959
12.280695 1285.933333
12.531650 1289.201031
12.782366 1288.927835
13.032610 1286.005128
13.283909 1291.103093
13.534721 1289.164948
13.785134 1288.536082
14.035432 1287.804124
14.285737 1283.871795
14.536470 1289.298969
14.786865 1289.005155
15.037295 1286.328205
15.288450 1288.835052
15.538832 1285.538462
15.790086 1290.695876
16.040847 1289.190722
16.291051 1285.292308
16.542173 1284.594872
16.793058 1287.324742
17.043148 1285.835052
17.293310 1288.917526
17.543539 1293.283505
17.794699 1288.015464
18.045077 1287.958763
18.295210 1285.933333
18.546332 1288.216495
18.796664 1286.546392
19.046751 1286.994845
19.296860 1289.701031
19.547280 1288.783505
19.797584 1287.932990
20.047974 1285.389744
20.298943 1289.649485
20.549606 1289.567010
20.799875 1289.061856
21.050330 1289.087629
21.300737 1284.292308
21.551594 1289.711340
21.802197 1287.453608
22.052292 1286.649485
22.302424 1286.938462
22.553598 1286.721649
22.803668 1287.726804
23.053830 1287.793814
23.303906 1288.072165
23.554390 1289.128866
23.804635 1285.241026
24.055741 1288.438144
24.305860 1287.144330
24.555930 1290.737113
24.806704 1284.738462
25.057661 1287.438144
25.307720 1291.350515
25.558568 1287.510309
25.808810 1289.639175
26.059285 1288.319588
26.309577 1289.422680
26.560222 1290.139175
26.810639 1284.974359
27.061616 1285.358974
27.312588 1288.345361
27.562930 1287.226804
27.813099 1291.340206
28.063800 1285.394872
28.315007 1289.381443
28.565355 1285.479381
28.815357 1287.731959
29.065629 1285.989744
29.316610 1291.046392
29.567330 1286.251282
29.818437 1289.835052
30.069047 1286.646154
30.320264 1288.443299
30.570636 1294.378238
30.820877 1288.201031
31.071071 1288.979381
31.321373 1288.355670
31.571724 1289.587629
31.822234 1290.680412
32.073048 1285.461538
32.324074 1290.608247
32.574773 1287.871134
32.825101 1288.391753
33.075506 1287.297436
33.326745 1285.066667
33.577663 1292.670103
33.828722 1287.170103
34.078884 1284.538462
34.329729 1288.268041
34.580009 1287.963918
34.830354 1285.225641
35.081140 1286.538462
35.332461 1289.953608
35.582997 1287.953608
35.833266 1288.546392
36.083600 1286.964103
36.334979 1287.690722
36.585138 1286.861538
36.836349 1290.793814
37.087013 1289.216495
37.337475 1287.164948
37.587616 1291.422680
37.838486 1286.087629
38.088503 1288.051546
38.338554 1289.134021
38.589034 1285.415385
38.840199 1289.587629
39.090593 1286.726804
39.340596 1291.371134
39.591494 1290.329897
39.842158 1288.041237
40.092410 1285.958974
40.343453 1290.087629
40.594242 1286.958974
40.845461 1287.061856
41.095638 1287.273196
41.345736 1284.630769
41.596470 1290.407216
41.847264 1289.592784
42.097650 1286.628866
42.347694 1289.927835
42.598377 1286.461538
42.849471 1288.402062
43.099837 1286.466667
43.350835 1288.072165
43.601198 1292.051546
43.852184 1287.159794
44.102405 1289.520619
44.352764 1287.721649
44.602921 1288.036082
44.853352 1287.768041
45.103430 1286.687179
45.354662 1288.479381
45.604924 1288.953608
45.855398 1289.494845
46.105825 1285.461538
46.356878 1289.639175
46.607594 1285.820513
46.858489 1284.902564
47.109421 1287.365979
47.359534 1288.582474
47.610050 1290.293814
47.860685 1287.215385
48.112067 1286.676923
48.363297 1289.649485
48.613683 1291.268041
48.864758 1284.794872
49.115503 1286.572165
49.365575 1287.005128
49.616847 1287.340206
49.866939 1287.773196
50.117107 1289.247423
50.367617 1289.175258
50.618265 1290.077320
50.868535 1287.690722
51.118911 1287.505155
51.368919 1285.969231
51.620091 1291.984536
51.871166 1285.128205
52.121996 1286.400000
52.373445 1290.402062
52.623824 1287.675258
52.874302 1290.376289
53.124825 1285.025641
53.375750 1287.061856
53.625801 1288.345361
53.875950 1286.041237
54.126041 1286.071795
54.377033 1287.907216
54.627341 1290.237113
54.878093 1285.979487
55.129112 1288.427835
55.379697 1286.379487
55.630622 1290.912371
55.881521 1285.538462
56.132570 1286.676923
56.383997 1289.051546
56.634269 1286.917526
56.884303 1287.969072
57.134660 1289.690722
57.385025 1287.046392
57.635252 1289.814433
57.885709 1286.242268
58.135824 1289.170103
58.386082 1286.712821
58.637357 1286.938144
58.887433 1288.644330
59.137783 1288.974227
59.388293 1288.376289
59.638793 1288.850515
59.888963 1287.958763
60.139203 1287.479381
60.389209 1286.953608
60.639312 1286.184615
60.890477 1286.984615
61.141653 1290.515464
61.392457 1288.865979
61.642787 1285.969231
61.893853 1294.632124
62.144069 1288.515464
62.394403 1288.046392
62.644817 1286.789744
62.896138 1287.500000
63.146256 1288.268041
63.396497 1292.634021
63.647527 1287.283505
63.897582 1288.500000
64.147959 1287.365979
64.398053 1290.567010
64.648885 1286.246154
64.900030 1286.774359
65.151271 1287.422680
65.401355 1287.030928
65.651364 1286.835052
65.901452 1288.536082
66.151843 1285.164103
66.402833 1289.180412
66.653225 1289.262887
66.903781 1290.695876
67.154382 1290.061856
67.405087 1289.752577
67.655605 1285.769231
67.906655 1286.317949
68.158148 1287.932990
68.408208 1285.989744
68.659341 1290.876289
68.909998 1288.541237
69.160524 1289.943299
69.410887 1287.438144
69.660990 1284.312821
69.912113 1289.103093
70.162498 1286.712821
70.413614 1290.613402
70.664375 1288.737113
70.914653 1287.458763
71.164673 1284.297436
71.415593 1288.278351
71.666031 1288.711340
71.916323 1288.123711
72.166516 1289.865979
72.417071 1290.525773
72.667804 1285.533333
72.918936 1285.646154
73.170006 1290.432990
73.420724 1289.670103
73.671400 1283.835897
73.921917 1288.103093
74.172201 1285.307692
74.423281 1291.510309
74.674074 1287.304124
74.924349 1286.815385
75.175747 1289.793814
75.426085 1288.108247
75.676325 1287.458763
75.926392 1288.927835
76.176895 1290.613402
76.427716 1284.476923
76.678318 1287.201031
76.928621 1288.453608
77.178731 1291.324742
77.429642 1289.752577
77.680177 1287.005155
77.930195 1287.211340
78.180388 1285.082051
78.431199 1288.195876
78.681438 1288.603093
78.931894 1288.262887
79.182171 1288.144330
79.432574 1290.113402
79.682978 1290.005155
79.933676 1288.458763
80.183979 1284.564103
80.434814 1288.319588
80.685346 1288.515464
80.935593 1287.948454
81.185605 1286.448454
81.435730 1291.103093
81.686427 1286.953608
81.936642 1284.379487
82.187283 1286.200000
82.438679 1290.726804
82.689054 1286.076923
82.940315 1288.716495
83.190506 1286.025641
83.441755 1290.824742
83.692649 1286.651282
83.943873 1291.206186
84.194675 1282.953846
84.445247 1289.664948
84.695967 1285.482051
84.946841 1288.582474
85.197257 1290.685567
85.447828 1290.293814
85.698545 1287.201031
85.948712 1286.743590
86.199868 1286.528205
86.451062 1286.969072
86.701082 1287.103093
86.951366 1289.278351
87.201802 1284.389744
87.452623 1289.654639
87.703095 1289.644330
87.953523 1287.391753
88.203819 1287.505155
88.453952 1290.675258
88.704629 1288.762887
88.954910 1284.902564
89.205827 1287.783505
89.456047 1291.907216
89.706910 1288.175258
89.957428 1288.371134
90.207628 1290.716495
90.458337 1288.850515
90.708618 1288.845361
90.959019 1285.789744
91.210164 1286.731959
91.460304 1292.025773
91.711175 1289.278351
91.961672 1288.072165
92.211995 1284.984615
92.462969 1285.697436
92.714061 1290.685567
92.964595 1290.453608
93.215437 1288.742268
93.465683 1288.304124
93.715920 1288.494845
93.966275 1286.030769
94.217455 1286.015464
94.467542 1285.846154
94.718330 1287.180412
94.968367 1287.917526
95.218486 1287.592784
95.468887 1289.030928
95.719311 1287.169231
95.970627 1289.340206
96.220971 1289.680412
96.471496 1284.692308
96.722433 1289.773196
96.973032 1286.438144
97.223059 1286.882051
97.474300 1287.215385
97.725579 1289.613402
97.976182 1286.779487
98.227363 1284.815385
98.478504 1288.618557
98.728596 1289.005155
98.978987 1286.211340
99.229031 1285.943590
99.480032 1290.520619
99.730737 1289.067010
99.981147 1285.979487
100.232265 1287.237113
100.482364 1287.268041
100.732440 1290.175258
100.983157 1286.538462
101.234233 1287.912371
101.484617 1291.391753
101.735412 1288.675258
101.985598 1287.335052
102.235921 1286.820513
102.487037 1288.458763
102.737457 1287.835052
102.987579 1287.525773
103.237661 1287.659794
103.487985 1289.056701
103.738458 1288.015464
103.988625 1287.938144
104.238644 1286.871134
104.488715 1290.788660
104.739477 1286.453608
104.989478 1287.768041
105.239782 1288.623711
105.490170 1290.164948
105.740646 1289.804124
105.991262 1284.394872
106.242015 1285.861538
106.493163 1284.297436
106.744111 1291.134021
106.994907 1287.804124
107.245060 1286.584615
107.496372 1288.891753
107.746821 1287.082051
107.997929 1287.912371
108.248386 1287.685567
108.498445 1287.927835
108.748919 1286.717949
108.999963 1289.567010
109.250526 1288.175258
109.500771 1289.752577
109.751322 1290.536082
110.001865 1287.180412
110.252015 1288.603093
110.502543 1288.747423
110.752737 1287.603093
111.002952 1287.211340
111.252958 1288.979381
111.503346 1287.443299
111.753697 1286.364103
112.004618 1287.005155
112.254672 1288.427835
112.505073 1287.922680
112.755180 1285.489691
113.005192 1291.582474
113.255792 1291.010309
113.506779 1289.757732
113.757208 1288.298969
114.007511 1286.312821
114.258675 1289.922680
114.509198 1285.502564
114.760603 1289.247423
115.010675 1286.123077
115.261854 1289.041237
115.512465 1286.835052
115.762515 1291.546392
116.013257 1289.871134
116.263764 1285.712821
116.515100 1290.845361
116.765691 1286.358974
117.016957 1289.432990
117.267348 1287.871134
117.517525 1284.256410
117.768330 1288.262887
118.018647 1288.994845
118.269131 1284.353846
118.519868 1288.969072
118.770281 1289.154639
119.020707 1286.386598
119.270798 1288.505155
119.521115 1285.615385
119.772032 1284.846154
120.023042 1290.082474
120.273601 1285.482051
120.524718 1287.242268
120.774868 1286.800000
121.025933 1292.030928
121.277244 1283.779487
121.527733 1289.670103
121.778301 1285.461538
122.029245 1289.958763
122.279928 1285.743590
122.530887 1289.190722
122.781506 1286.800000
123.032713 1286.948718
123.284053 1289.922680
123.534526 1287.938144
123.784741 1288.603093
124.035246 1291.087629
124.285845 1289.247423
124.536494 1288.948454
124.786858 1286.451282
125.038122 1286.687179
125.289402 1286.656410
125.540538 1286.092784
125.790722 1289.417526
126.040862 1289.247423
126.291257 1288.541237
126.541719 1287.603093
126.791818 1286.076923
127.042920 1285.215385
127.293885 1286.231959
127.543897 1291.536082
127.794751 1286.415385
128.045925 1287.927835
128.296126 1285.528205
128.547163 1287.845361
128.797457 1288.216495
129.047597 1287.402062
129.297917 1285.143590
129.548596 1287.000000
129.798772 1290.943299
130.049506 1286.958763
130.299682 1288.628866
130.549950 1288.881443
130.800349 1286.783505
131.050529 1288.922680
131.300731 1286.974227
131.550766 1291.149485
131.801588 1288.283505
132.051908 1287.932990
132.302062 1286.618557
132.552150 1286.184615
132.803193 1286.860825
133.053368 1288.360825
133.303539 1287.273196
133.553740 1291.036082
133.804327 1283.820513
134.055148 1288.030928
134.305514 1288.783505
134.555759 1286.788660
134.805874 1289.582474
135.056249 1288.561856
135.306559 1287.510309
135.556730 1288.927835
135.807156 1287.597938
136.057377 1287.969072
136.307427 1283.866667
136.558386 1286.794872
136.809638 1287.185567
137.059646 1288.407216
137.309864 1287.902062
137.560207 1286.984615
137.811581 1287.561856
138.061606 1287.618557
138.311630 1287.752577
138.561833 1287.634021
138.812058 1286.015385
139.063132 1286.886598
139.313362 1284.666667
139.564016 1290.494845
139.814779 1287.309278
140.064781 1284.964103
140.315832 1287.273196
140.565945 1286.103093
140.815957 1290.144330
141.066470 1288.360825
141.316624 1289.298969
141.567134 1288.237113
141.817640 1286.374359
142.068580 1289.639175
142.319138 1288.025773
142.569347 1288.505155
142.819875 1290.092784
143.070281 1288.618557
143.320736 1287.402062
143.570945 1288.206186
143.821086 1290.170103
144.071561 1288.886598
144.322040 1285.256410
144.573218 1289.082474
144.823582 1286.589744
145.074744 1285.728205
145.326035 1286.733333
145.577222 1286.661538
145.828433 1286.523077
146.079749 1287.515464
146.329763 1289.592784
146.580216 1289.587629
146.830739 1285.938462
147.081867 1286.076923
147.332972 1289.850515
147.583746 1294.253886
147.833832 1286.635897
148.085055 1286.989691
148.335201 1288.798969
148.585308 1286.463918
148.835537 1290.695876
149.086118 1289.201031
149.336507 1285.123077
149.587443 1288.860825
149.838117 1289.195876
150.088313 1286.865979
150.338386 1286.476923
150.589601 1288.407216
150.839937 1286.706186
151.089941 1286.671795
151.341228 1287.061538
151.592657 1293.314433
151.843680 1287.510309
152.093794 1288.134021
152.344245 1289.149485
152.594459 1291.737113
152.845583 1285.446154
153.096498 1286.324742
153.346569 1288.592784
153.596775 1293.036082
153.847978 1288.304124
154.098347 1290.340206
154.348874 1287.943299
154.599182 1284.538462
154.850052 1285.794872
155.101206 1287.757732
155.351486 1288.190722
155.601619 1288.046392
155.851795 1287.747423
156.101960 1289.891753
156.352729 1289.917526
156.603323 1286.307692
156.854213 1287.051546
157.104609 1288.350515
157.354836 1289.711340
157.605379 1291.324742
157.856015 1285.384615
158.107233 1284.707692
158.358068 1287.567010
158.608104 1288.134021
158.858354 1284.302564
159.109274 1286.835897
159.360529 1291.948454
159.611522 1286.551546
159.861530 1288.268041
160.111950 1285.928205
160.362908 1283.133333
160.613622 1287.963918
160.863767 1285.702564
161.114804 1292.809278
161.365896 1288.778351
161.616405 1289.556701
161.866847 1289.355670
162.117227 1288.664948
162.367708 1290.515464
162.618356 1285.702564
162.869495 1286.743590
163.120664 1285.907692
163.371944 1289.994845
163.622287 1289.139175
163.872916 1287.134021
164.123097 1289.984536
164.373589 1287.860825
164.624011 1287.235897
164.875083 1287.752577
165.125259 1287.958763
165.375486 1290.427835
165.626384 1289.278351
165.876874 1285.646154
166.127794 1287.159794
166.378089 1288.051546
166.628102 1282.912821
166.878697 1290.293814
167.129342 1286.195876
167.379362 1289.907216
167.630142 1287.753846
167.881345 1286.932990
168.131348 1291.386598
168.382319 1285.369231
168.633262 1289.685567
168.883796 1286.288660
169.133871 1283.887179
169.384452 1288.798969
169.634755 1291.649485
169.885767 1286.804124
170.135780 1287.809278
170.385833 1287.324742
170.636037 1285.230769
170.887103 1286.605128
171.138173 1288.139175
171.388500 1287.891753
171.639072 1287.579487
171.890279 1288.268041
172.140374 1288.025773
172.390766 1286.830769
172.641792 1286.252577
172.891863 1288.025773
173.142142 1285.958974
173.393222 1290.530928
173.643963 1288.845361
173.894254 1287.649485
174.144727 1287.548718
174.395896 1287.304124
174.645915 1284.923077
174.897146 1285.687179
175.148013 1287.036082
175.398061 1290.134021
175.648603 1286.536082
175.898844 1287.654639
176.149084 1286.661538
176.400112 1289.974227
176.650718 1286.215385
176.901906 1287.041237
177.151944 1287.989691
177.402176 1288.319588
177.652378 1289.309278
177.903016 1286.757732
178.153113 1284.435897
178.403781 1287.268041
178.653916 1285.558974
178.905065 1287.051282
179.156421 1288.154639
179.406428 1285.845361
179.656469 1290.221649
179.906926 1287.752577
180.157292 1287.304124
180.407389 1286.379487
180.658432 1289.396907
180.909031 1287.922680
181.159124 1287.520619
181.409391 1291.530928
181.660246 1286.112821
181.911484 1288.917526
182.161938 1287.015385
182.413070 1287.742268
182.663328 1288.201031
182.913582 1286.466667
183.164868 1289.505155
183.415278 1287.814433
183.665746 1289.917526
183.916093 1288.396907
184.166412 1287.845361
184.416837 1284.835897
184.667384 1285.804124
184.917437 1289.587629
185.167929 1285.271795
185.418836 1291.520619
185.669824 1288.180412
185.919966 1286.148718
186.171206 1285.512821
186.422220 1288.979381
186.672697 1284.210256
186.923337 1288.814433
187.173939 1289.005155
187.424221 1285.994872
187.675460 1292.335052
187.926703 1284.476923
188.177228 1290.211340
188.428080 1289.273196
188.678398 1287.092784
188.928487 1286.579487
189.179734 1286.273196
189.429783 1290.762887
189.680493 1285.969231
189.931507 1287.288660
190.181658 1286.649485
190.431674 1287.288660
190.681867 1285.846154
190.933099 1289.314433
191.183482 1286.943590
191.434604 1288.649485
191.685122 1286.886598
191.935214 1286.927835
192.185242 1288.087629
192.435464 1285.897436
192.686729 1285.143590
192.937628 1289.262887
193.188010 1287.128866
193.438107 1290.979381
193.689067 1289.407216
193.939579 1287.432990
194.189620 1287.474227
194.439775 1289.061856
194.690229 1287.061856
194.940403 1291.489691
195.191178 1285.200000
195.442288 1289.237113
195.692620 1285.405128
195.943588 1286.701031
196.193628 1287.850515
196.443857 1290.768041
196.694796 1286.671795
196.946073 1288.757732
197.196260 1288.649485
197.446739 1290.097938
197.697511 1288.113402
197.947603 1291.365979
198.198640 1286.338462
198.449788 1291.237113
198.700715 1286.343590
198.951818 1289.201031
199.202304 1288.000000
199.452425 1285.820513
199.703536 1286.634021
199.953616 1286.364103
200.204815 1285.805128
200.455740 1286.169231
200.707123 1287.365979
200.957304 1289.701031
201.207693 1287.773196
201.457801 1288.510309
201.708193 1286.379487
201.959316 1287.386598
202.209724 1290.654639
202.460287 1285.876923
202.711297 1288.041237
202.961674 1288.061856
203.211791 1286.410256
203.463031 1289.061856
203.713530 1287.000000
203.963561 1286.784615
204.214816 1285.507692
204.466017 1291.628866
204.716791 1287.556701
204.966818 1287.335052
205.217091 1292.175258
205.468012 1289.061856
205.718552 1289.386598
205.968971 1289.355670
206.219592 1286.928205
206.470958 1287.690722
206.720963 1286.282051
206.972199 1289.041237
207.222618 1283.082051
207.473263 1291.082474
207.723942 1289.443299
207.974450 1288.005155
208.224731 1286.256410
208.475790 1288.206186
208.726212 1291.324742
208.976927 1284.425641
209.227940 1290.268041
209.478590 1285.989744
209.729658 1289.144330
209.980036 1289.917526
210.230599 1287.376289
210.480771 1287.304124
210.730970 1286.523077
210.982142 1288.608247
211.232500 1291.036082
211.483369 1291.716495
211.734194 1287.644330
211.984258 1286.484536
212.234386 1287.107692
212.485587 1289.644330
212.736073 1287.510309
212.986242 1286.948454
213.236323 1285.964103
213.487545 1288.500000
213.737638 1286.158974
213.988984 1289.742268
214.239450 1290.835052
214.490347 1288.561856
214.740517 1285.661538
214.991586 1287.365979
215.241683 1287.634021
215.491837 1287.226804
215.742081 1289.876289
215.992597 1286.205128
216.243913 1285.876923
216.494942 1288.149485
216.745177 1286.041026
216.996208 1287.613402
217.246264 1286.675258
217.496430 1291.216495
217.747223 1285.794872
217.998278 1288.572165
218.248831 1287.112821
218.499990 1287.314433
218.749993 1288.510309
219.000579 1285.553846
219.251533 1283.230769
219.502148 1293.041237
219.753353 1290.211340
220.004084 1285.784615
220.255288 1287.117949
220.506660 1289.134021
220.756843 1290.840206
221.007671 1287.994845
221.258077 1282.820513
221.508528 1291.041237
221.759235 1287.061856
222.009431 1288.097938
222.259749 1287.097436
222.510945 1286.603093
222.760954 1287.773196
223.011046 1286.394872
223.262385 1292.809278
223.513299 1288.015464
223.763813 1287.371134
224.013819 1287.876289
224.263988 1288.422680
224.514339 1289.572165
224.764850 1285.169231
225.015795 1284.605128
225.266642 1284.984615
225.517539 1288.530928
225.768004 1286.815385
226.019358 1287.716495
226.269526 1288.257732
226.519823 1289.701031
226.770329 1282.205128
227.020852 1292.639175
227.271767 1285.210256
227.522988 1290.288660
227.773702 1288.567010
228.023897 1283.564103
228.274655 1286.471795
228.525897 1286.666667
228.777031 1291.036082
229.027816 1288.396907
229.278299 1288.314433
229.528481 1289.695876
229.779042 1284.733333
230.029949 1289.113402
230.280410 1286.092308
230.531602 1286.958763
230.781706 1284.394872
231.032570 1288.793814
231.282863 1286.420513
231.533973 1288.695876
231.784524 1287.865979
232.034678 1287.690722
232.284840 1288.381443
232.534980 1286.257732
232.785079 1288.154639
233.035332 1286.247423
233.285372 1290.484536
233.535919 1288.757732
233.786286 1286.809278
234.036292 1288.422680
234.286618 1287.515464
234.536907 1285.312821
234.787935 1286.825641
235.039133 1286.000000
235.290433 1287.005128
235.541687 1288.396907
235.791892 1286.061538
236.043097 1289.041237
236.293433 1287.551546
236.543800 1288.175258
236.794037 1287.365979
237.044152 1289.175258
237.294422 1288.432990
237.544836 1288.731959
237.795277 1291.453608
238.046099 1285.809278
238.296146 1287.461538
238.547385 1289.309278
238.797743 1285.268041
239.047794 1289.670103
239.298143 1287.123711
239.548233 1290.046392
239.798809 1287.860825
240.049010 1286.798969
240.299262 1286.092308
240.550330 1290.376289
240.801003 1286.538462
241.052181 1285.297436
241.303309 1286.046154
241.554408 1288.814433
241.804723 1287.762887
242.055228 1286.810256
242.306304 1286.266667
242.557489 1288.149485
242.807770 1287.680412
243.057980 1289.546392
243.308419 1286.484536
243.558490 1287.520619
243.808711 1290.551546
244.059454 1285.958974
244.310644 1287.558974
244.561851 1288.376289
244.812260 1286.482051
245.063367 1287.804124
245.313611 1284.769231
245.564707 1289.912371
245.815091 1285.061538
246.066186 1289.731959
246.316723 1288.922680
246.567238 1287.266667
246.818309 1286.144330
247.068418 1287.814433
247.318579 1287.824742
247.568840 1289.396907
247.819305 1289.257732
248.069894 1286.723077
248.321136 1286.528205
248.572365 1285.687179
248.823542 1289.257732
249.073757 1284.928205
249.324881 1289.520619
249.575522 1289.350515
249.825956 1288.829897
250.076369 1289.587629
250.326870 1285.871795
250.578177 1287.307692
250.829423 1288.262887
251.079677 1286.902062
251.329783 1289.097938
251.580293 1287.850515
251.830364 1287.345361
252.080577 1287.500000
252.330726 1286.282051
252.581957 1288.587629
252.832205 1288.051546
253.082479 1292.139175
253.333511 1287.969072
253.583853 1290.886598
253.834443 1289.737113
254.085041 1288.649485
254.335331 1288.840206
254.585831 1289.778351
254.836547 1285.600000
255.087485 1287.417526
255.337700 1288.984536
255.588173 1291.639175
255.839104 1288.386598
256.089319 1286.220513
256.340452 1285.317949
256.591401 1284.810256
256.842645 1286.651282
257.093782 1285.441026
257.344793 1288.572165
257.595150 1290.634021
257.845801 1287.041237
258.095907 1287.597938
258.346188 1288.077320
258.596444 1290.963918
258.847278 1288.314433
259.097563 1286.076923
259.348734 1284.533333
259.599709 1291.350515
259.850544 1286.164948
260.100575 1286.282051
260.351642 1288.994845
260.601992 1288.943299
260.852548 1288.082474
261.102582 1288.793814
261.352911 1289.917526
261.603605 1289.010309
261.853924 1285.856410
262.105243 1287.788660
262.355445 1288.005155
262.605617 1288.144330
262.855801 1286.824742
263.105868 1289.948454
263.356449 1287.278351
263.606509 1288.298969
263.856984 1286.810256
264.108191 1288.469072
264.358544 1289.427835
264.608914 1285.953846
264.860121 1286.891753
265.110196 1288.087629
265.360307 1288.551546
265.610633 1291.917526
265.861626 1288.000000
266.112134 1290.340206
266.362605 1284.958974
266.613505 1289.577320
266.863947 1288.345361
267.114245 1284.671795
267.365166 1287.061856
267.615451 1289.845361
267.865855 1289.262887
268.116308 1287.149485
268.366319 1287.355670
268.616544 1290.742268
268.867333 1287.556701
269.117553 1288.324742
269.367609 1287.489691
269.617803 1288.154639
269.868261 1289.453608
270.118728 1287.292308
270.369831 1286.319588
270.619928 1286.247423
270.869945 1288.113402
271.120257 1289.144330
271.370715 1289.015464
271.620980 1287.953608
271.871268 1284.133333
272.122087 1287.438144
272.372406 1286.712821
272.623483 1292.711340
272.874549 1286.536082
273.124550 1287.108247
273.374716 1289.525773
273.625092 1288.974227
273.875670 1284.666667
274.126579 1289.793814
274.376846 1289.840206
274.627777 1288.984536
274.877984 1285.943299
275.128019 1285.938462
275.379153 1286.174359
275.630231 1290.623711
275.881083 1288.355670
276.131537 1289.520619
276.382044 1288.835052
276.632223 1287.798969
276.882527 1287.907216
277.132773 1289.371134
277.383312 1288.670103
277.633501 1284.287179
277.884393 1284.846154
278.135279 1288.912371
278.385634 1288.123711
278.635950 1282.810256
278.886451 1287.304124
279.136535 1286.623711
279.386620 1291.324742
279.637301 1285.153846
279.888544 1286.338462
280.139615 1289.463918
280.390183 1289.963918
280.640788 1288.427835
280.891154 1288.798969
281.141521 1286.840206
281.391536 1290.005155
281.642178 1285.651282
281.893303 1286.932990
282.143452 1288.984536
282.393901 1286.307692
282.645129 1284.810256
282.895812 1291.597938
283.146599 1287.170103
283.396998 1290.335052
283.647702 1288.618557
283.898012 1285.825641
284.149144 1288.670103
284.399377 1284.856410
284.650414 1288.278351
284.900706 1286.943299
285.150740 1286.835897
285.402018 1286.360825
285.652097 1290.252577
285.902575 1284.907692
286.153669 1287.108247
286.403810 1285.815385
286.654941 1290.541237
286.905447 1288.391753
287.155885 1288.865979
287.406013 1290.082474
287.656668 1286.474227
287.906995 1287.656410
288.158127 1285.846154
288.409535 1289.525773
288.659824 1288.185567
288.910166 1288.814433
289.160690 1285.794872
289.411765 1293.365979
289.662943 1290.876289
289.913899 1282.430769
290.164508 1288.927835
290.414696 1288.278351
290.664991 1288.634021
290.915352 1288.608247
291.165759 1290.087629
291.416359 1286.641026
291.667585 1284.271795
291.918329 1285.723077
292.169514 1282.620513
292.420080 1289.505155
292.670672 1288.675258
292.920740 1285.533333
293.171987 1289.030928
293.422504 1289.819588
293.672965 1284.312821
293.923895 1288.386598
294.174101 1286.783505
294.424255 1285.989744
294.675421 1288.649485
294.925577 1287.335052
295.175702 1287.742268
295.426090 1290.530928
295.676738 1286.384615
295.927873 1285.543590
296.179098 1287.328205
296.430195 1288.639175
296.680757 1286.076923
296.931965 1286.768041
297.181997 1289.520619
297.432534 1288.288660
297.682704 1288.036082
297.932974 1286.846154
298.184331 1286.605128
298.435450 1288.505155
298.685814 1287.865979
298.936006 1285.692308
299.187095 1288.046392
299.437402 1292.252577
299.688490 1287.742268
299.938754 1286.733333
300.190163 1290.427835
300.440857 1285.958974
300.691834 1287.515464
300.942007 1287.195876
301.192115 1289.809278
301.442648 1289.422680
301.693209 1286.461538
301.944529 1289.458763
302.194990 1285.548718
302.446087 1287.371134
302.696194 1286.646154
302.947335 1289.231959
303.197910 1289.453608
303.448397 1287.860825
303.698733 1287.035897
303.949959 1287.407216
304.200217 1292.623711
304.451192 1286.184615
304.702371 1290.077320
304.953034 1289.484536
305.203535 1290.185567
305.454532 1289.257732
305.704708 1284.800000
305.955549 1284.702564
306.206713 1285.717949
306.457601 1288.649485
306.708067 1286.061538
306.959216 1289.164948
307.209741 1290.005155
307.460271 1287.319588
307.710541 1287.984536
307.960885 1285.482051
308.211682 1288.917526
308.462199 1287.670103
308.712356 1287.237113
308.962553 1291.030928
309.213282 1284.358974
309.464309 1292.175258
309.715273 1287.117949
309.966496 1285.589744
310.217677 1289.721649
310.468065 1288.706186
310.718774 1285.082051
310.969456 1286.989691
311.219587 1288.628866
311.469924 1289.226804
311.720279 1284.907692
311.971387 1285.215385
312.222223 1289.577320
312.473194 1289.829897
312.723574 1286.664948
312.973577 1287.773196
313.223683 1284.656410
313.474786 1288.747423
313.725326 1286.189744
313.976194 1289.943299
314.226844 1290.603093
314.477519 1285.810256
314.728735 1291.041237
314.979357 1285.928205
315.230411 1289.103093
315.481167 1290.742268
315.731936 1288.835052
315.982240 1289.634021
316.232885 1285.697436
316.484051 1285.979487
316.734876 1287.793814
316.985217 1285.548718
317.236265 1288.567010
317.486721 1290.231959
317.737427 1289.850515
317.987977 1286.097436
318.239236 1290.618557
318.489739 1289.092784
318.740236 1287.154639
318.990429 1287.278351
319.240490 1287.185567
319.490581 1291.237113
319.741226 1287.675258
319.991488 1290.283505
320.242150 1284.958974
320.493231 1286.471795
320.744347 1287.958763
320.994630 1286.723077
321.246057 1291.685567
321.496791 1286.328205
321.747882 1285.923077
321.998935 1285.784615
322.250307 1290.252577
322.500876 1288.350515
322.751113 1287.448454
323.001402 1287.379487
323.252594 1285.928205
323.503784 1288.701031
323.754044 1286.446154
324.005318 1287.984536
324.255408 1287.257732
324.505609 1288.958763
324.756115 1288.000000
325.006235 1289.025773
325.256600 1286.230769
325.507821 1288.283505
325.758155 1288.247423
326.008337 1286.309278
326.258377 1287.737113
326.508398 1292.613402
326.759658 1284.251282
327.010524 1288.402062
327.260777 1284.446154
327.511580 1290.113402
327.762359 1288.974227
328.012560 1289.288660
328.263066 1286.097436
328.514174 1287.932990
328.764387 1287.448454
329.014657 1287.860825
329.264729 1284.297436
329.515656 1292.134021
329.766685 1285.717949
330.017589 1291.108247
330.268621 1289.118557
330.518988 1288.108247
330.769178 1285.897436
331.020233 1286.025641
331.271636 1291.319588
331.522273 1287.654639
331.772337 1287.371134
332.022630 1286.589744
332.273634 1289.881443
332.524236 1285.646154
332.775539 1288.701031
333.025936 1287.251282
333.277059 1287.371134
333.527222 1289.010309
333.777615 1286.369231
334.028802 1288.283505
334.279100 1285.358974
334.530016 1288.020619
334.780398 1284.128205
335.031048 1288.809278
335.281532 1288.572165
335.531759 1289.242268
335.782298 1289.113402
336.032759 1288.216495
336.283100 1285.964103
336.534272 1292.082474
336.785173 1285.969231
337.036214 1285.517949
337.287276 1285.046154
337.538172 1288.561856
337.788518 1291.886598
338.039463 1286.773196
338.289739 1287.810256
338.540845 1284.743590
338.792035 1288.314433
339.042204 1288.216495
339.292403 1286.000000
339.543494 1289.309278
339.794022 1288.773196
340.044601 1287.046154
340.295578 1287.778351
340.545953 1287.159794
340.795975 1288.623711
341.046267 1289.164948
341.296806 1286.076923
341.547890 1289.469072
341.798618 1291.819588
342.049218 1287.386598
342.299471 1284.943590
342.550409 1287.706186
342.800555 1285.384615
343.051681 1285.646154
343.302615 1286.850515
343.552645 1287.907216
343.802789 1286.871134
344.052930 1290.670103
344.303678 1286.533333
344.554885 1290.329897
344.805739 1288.432990
345.055817 1287.237113
345.305922 1289.726804
345.556441 1286.216495
345.806504 1284.071795
346.057190 1285.943590
346.308206 1286.561856
346.558364 1289.860825
346.808796 1287.654639
347.058895 1290.324742
347.309760 1288.036082
347.559907 1290.422680
347.810618 1285.871795
348.061625 1289.721649
348.312129 1287.896907
348.562378 1288.922680
348.812954 1290.603093
349.063567 1285.594872
349.314480 1289.690722
349.565131 1288.721649
349.815449 1287.541237
350.065644 1290.051546
350.316215 1285.215385
350.567415 1293.365979
350.818594 1287.288660
351.068631 1286.487179
351.319853 1288.927835
351.570328 1290.515464
351.820977 1289.304124
352.071493 1285.097436
352.322337 1289.979381
352.573105 1285.056410
352.823935 1287.958763
353.074175 1288.144330
353.324241 1287.881443
353.574654 1289.634021
353.825335 1286.292308
354.076344 1289.505155
354.326890 1291.876289
354.577734 1286.917526
354.827903 1287.530928
355.077963 1286.747423
355.327997 1285.579487
355.579041 1291.747423
355.830028 1288.139175
356.080176 1287.814433
356.330339 1288.773196
356.580940 1293.288660
356.832112 1287.685567
357.082252 1284.466667
357.333086 1285.071795
357.583954 1290.881443
357.834822 1286.620513
358.086028 1287.840206
358.336469 1288.721649
358.586717 1289.211340
358.837087 1288.154639
359.087343 1286.589744
359.338566 1286.963918
359.588655 1291.510309
359.839441 1284.164103
360.090240 1287.974227
360.340516 1288.835052
360.590886 1291.592784
360.841730 1287.190722
361.091861 1287.819588
361.342188 1287.133333
361.593315 1288.762887
361.843799 1288.118557
362.093986 1287.927835
362.344153 1286.282051
362.595528 1286.953846
362.846759 1289.036082
363.097152 1287.278351
363.347274 1287.510309
363.597381 1291.469072
363.848118 1286.824742
364.098271 1288.654639
364.348663 1287.463918
364.598703 1288.113402
364.848891 1285.256410
365.099820 1286.592784
365.350000 1290.943299
365.600620 1287.556701
365.850883 1285.415385
366.102077 1286.261538
366.353177 1288.783505
366.603412 1287.876289
366.853567 1291.252577
367.104430 1285.556701
367.354516 1287.800000
367.605647 1288.922680
367.856071 1286.200000
368.107477 1284.466667
368.358142 1287.628866
368.608309 1285.943590
368.859420 1288.690722
369.109708 1286.546392
369.359868 1289.293814
369.610365 1292.159794
369.861153 1283.071795
370.111707 1290.082474
370.362276 1287.144330
370.612387 1291.402062
370.863263 1285.861538
371.114602 1284.805128
371.365604 1290.015464
371.616021 1288.886598
371.866333 1287.886598
372.116496 1287.623711
372.366748 1285.005128
372.617741 1286.164103
372.868943 1285.794872
373.119990 1286.800000
373.371171 1286.886598
373.621295 1290.103093
373.871827 1289.829897
374.122369 1290.654639
374.373051 1288.335052
374.623556 1287.226804
374.873653 1286.446154
375.124797 1285.902564
375.375796 1285.507692
375.626947 1292.051546
375.877779 1288.520619
376.128171 1287.530928
376.378560 1285.343590
376.629449 1289.231959
376.879910 1292.237113
377.130931 1286.943299
377.380939 1285.528205
377.631968 1289.716495
377.882458 1289.268041
378.132856 1289.164948
378.383470 1284.025641
378.634166 1291.283505
378.885120 1285.923077
379.136143 1288.654639
379.386670 1288.061856
379.636841 1293.154639
379.887953 1285.712821
380.139078 1285.297436
380.390178 1290.530928
380.640874 1286.861538
380.892019 1288.597938
381.142526 1285.620513
381.393577 1288.180412
381.643942 1289.618557
381.894347 1285.153846
382.145316 1288.871134
382.395599 1287.340206
382.645762 1287.768041
382.896021 1289.381443
383.146479 1289.407216
383.396983 1292.128866
383.647824 1287.041237
383.897870 1287.061856
384.148208 1289.185567
384.398462 1288.592784
384.648841 1288.061856
384.898996 1288.278351
385.149270 1285.128205
385.400429 1288.309278
385.650536 1288.247423
385.900918 1289.680412
386.151556 1288.365979
386.401680 1290.139175
386.652427 1288.000000
386.902509 1288.690722
387.153131 1288.917526
387.403338 1288.288660
387.653512 1289.056701
387.904061 1288.206186
388.154330 1286.184615
388.405517 1283.128205
388.656259 1288.365979
388.906554 1289.010309
389.156817 1286.030769
389.408056 1291.273196
389.658784 1287.365979
389.908874 1288.536082
390.159386 1288.015464
390.409468 1290.185567
390.660265 1289.567010
390.910710 1289.520619
391.161240 1287.293814
391.411362 1288.170103
391.661481 1285.912821
391.912759 1290.747423
392.163395 1285.805128
392.414478 1287.304124
392.664540 1287.530928
392.914728 1289.860825
393.165394 1289.453608
393.415834 1285.292308
393.667039 1290.113402
393.917408 1286.675258
394.167471 1289.268041
394.417763 1285.876923
394.668904 1286.304124
394.919111 1285.420513
395.169964 1288.855670
395.420568 1286.400000
395.671498 1290.731959
395.922169 1290.618557
396.173020 1287.654639
396.423237 1286.061856
396.673303 1286.302564
396.924359 1285.964103
397.175700 1290.530928
397.426243 1286.564103
397.677352 1288.314433
397.927589 1286.541237
398.177644 1288.886598
398.428038 1288.005155
398.678298 1285.666667
398.929398 1287.097436
399.180645 1288.634021
399.430971 1292.247423
399.681969 1286.721649
399.932059 1288.634021
400.182435 1288.644330
400.432850 1289.422680
400.683266 1291.298969
400.933940 1286.412371
401.183961 1290.195876
401.434684 1284.810256
401.685701 1286.819588
401.935875 1287.394872
402.187090 1290.654639
402.437653 1288.726804
402.688086 1287.639175
402.938217 1288.474227
403.188583 1290.319588
403.439238 1287.020619
403.689256 1290.350515
403.939947 1289.134021
404.190520 1290.118557
404.441044 1284.158974
404.691813 1289.097938
404.942484 1287.235897
405.193783 1288.608247
405.443842 1285.594872
405.694987 1288.474227
405.945201 1290.242268
406.195951 1286.271795
406.447263 1291.525773
406.698281 1287.784615
406.949484 1292.123711
407.200658 1286.205128
407.451804 1286.912821
407.702966 1288.932990
407.953271 1287.752577
408.203661 1287.994845
408.453936 1290.077320
408.704507 1286.628866
408.954586 1285.461538
409.205603 1287.654639
409.455744 1288.798969
409.705980 1282.533333
409.956479 1289.201031
410.206940 1288.582474
410.457308 1289.175258
410.707938 1286.615385
410.958997 1288.675258
411.209216 1287.427835
411.459435 1291.422680
411.710316 1284.743590
411.961343 1288.567010
412.211479 1286.102564
412.462762 1283.287179
412.713362 1286.969072
412.963367 1289.907216
413.213831 1286.726804
413.463905 1290.226804
413.714596 1289.927835
413.965051 1286.350515
414.215118 1286.651282
414.466238 1285.471795
414.717482 1290.608247
414.968063 1285.097436
415.218846 1287.273196
415.468913 1289.082474
415.719560 1288.628866
415.969780 1286.226804
416.219816 1289.762887
416.470209 1286.071795
416.721597 1290.484536
416.971977 1286.865979
417.222045 1286.613402
417.472188 1288.237113
417.722422 1287.474227
417.972547 1289.319588
418.222898 1287.020619
418.472911 1289.324742
418.723522 1284.548718
418.974258 1289.417526
419.224742 1288.974227
419.475195 1290.262887
419.725880 1284.092308
419.976540 1287.365979
420.226784 1289.721649
420.477232 1288.932990
420.727691 1290.639175
420.978490 1290.170103
421.229007 1288.587629
421.479425 1286.743590
421.730583 1285.030769
421.981588 1290.118557
422.232246 1291.216495
422.483154 1286.389744
422.734374 1288.536082
422.984723 1287.077320
423.234962 1290.000000
423.485374 1293.937824
423.735644 1291.855670
423.986681 1289.314433
424.236917 1286.420513
424.488261 1290.391753
424.738799 1286.762887
424.988990 1289.618557
425.239408 1285.876923
425.490500 1292.185567
425.741435 1285.225641
425.992444 1288.902062
426.242801 1288.103093
426.493138 1288.128866
426.743488 1289.690722
426.993828 1286.117949
427.244957 1286.644330
427.495217 1288.711340
427.745403 1288.752577
427.995799 1288.288660
428.245865 1285.979381
428.495967 1286.364103
428.747230 1286.676923
428.998231 1287.670103
429.248491 1287.329897
429.498516 1285.302564
429.749794 1288.613402
429.999818 1287.371134
430.250000 1290.510309
430.500729 1290.221649
430.751365 1289.365979
431.001901 1288.572165
431.252150 1285.394872
431.503402 1288.283505
431.753579 1285.594872
432.004696 1286.912371
432.254780 1286.574359
432.506109 1287.189744
432.757315 1285.056410
433.008413 1288.118557
433.258431 1288.695876
433.509020 1290.386598
433.759633 1288.206186
434.009802 1286.453608
434.259944 1290.010309
434.510229 1288.659794
434.760761 1286.010256
435.011834 1291.000000
435.262715 1289.268041
435.512936 1290.438144
435.763719 1288.329897
436.014013 1288.273196
436.264246 1286.829897
436.514415 1290.159794
436.764989 1285.753846
437.016181 1291.154639
437.267057 1289.850515
437.517467 1286.394872
437.768770 1288.185567
438.019002 1286.738462
438.270391 1288.201031
438.520585 1288.798969
438.770868 1286.757732
439.020932 1285.158974
439.271804 1287.500000
439.522166 1288.226804
439.772173 1289.938144
440.023064 1287.753846
440.274260 1290.108247
440.524950 1289.664948
440.775518 1287.417526
441.025704 1289.855670
441.276268 1287.634021
441.526538 1289.134021
441.776770 1286.731959
442.026800 1288.917526
442.277086 1289.185567
442.527603 1286.551546
442.777644 1287.123711
443.027736 1289.541237
443.278132 1288.438144
443.528340 1291.608247
443.779303 1287.515464
444.029430 1288.386598
444.280069 1287.071795
444.531304 1289.788660
444.781852 1286.046154
445.032988 1286.394872
445.284100 1288.195876
445.534374 1295.896373
445.784709 1283.210256
446.035334 1290.144330
446.286064 1289.211340
446.536666 1286.882051
446.787990 1287.407216
447.038105 1288.685567
447.288371 1286.994872
447.539511 1290.690722
447.790363 1285.994872
448.041470 1287.020619
448.291774 1290.458763
448.542412 1290.747423
448.793086 1286.712821
449.044300 1286.579487
449.295498 1287.314433
449.545623 1291.489691
449.796459 1286.690722
450.046459 1287.675258
450.296802 1288.907216
450.547083 1290.695876
450.797889 1286.548718
451.049182 1290.386598
451.299868 1287.726804
451.550011 1283.958974
451.800777 1288.077320
452.051239 1286.128205
452.302166 1289.201031
452.552695 1286.097436
452.803846 1285.748718
453.054770 1288.654639
453.305013 1283.687179
453.555808 1289.201031
453.806378 1286.948718
454.057442 1289.108247
454.307928 1287.809278
454.558195 1284.282051
454.808985 1289.365979
455.059453 1286.695876
455.309596 1287.164103
455.560912 1287.623711
455.811089 1290.546392
456.061804 1288.422680
456.312156 1286.394872
456.563253 1289.680412
456.813852 1284.882051
457.064621 1285.343590
457.315740 1286.887179
457.566931 1287.025773
457.817096 1288.603093
458.067332 1288.474227
458.317865 1287.412371
458.567920 1289.319588
458.818305 1286.425641
459.069500 1287.974227
459.319701 1286.364103
459.570971 1289.324742
459.821332 1289.288660
460.071814 1288.077320
460.322234 1289.432990
460.572593 1287.685567
460.822759 1288.025773
461.073131 1286.487179
461.324163 1287.489691
461.574492 1289.412371
461.824828 1285.205128
462.075828 1286.558974
462.327035 1290.051546
462.577806 1288.886598
462.828016 1285.266667
463.079180 1286.143590
463.330316 1287.133333
463.581644 1292.974227
463.832601 1288.159794
464.082969 1288.804124
464.333344 1290.113402
464.583983 1285.850515
464.834006 1287.010256
465.085219 1287.773196
465.335347 1288.536082
465.585600 1289.567010
465.836154 1286.820513
466.087535 1290.865979
466.338151 1288.515464
466.588656 1287.613402
466.838682 1286.343590
467.090121 1289.247423
467.340476 1288.036082
467.590674 1287.201031
467.840816 1289.005155
468.091112 1286.355670
468.341204 1287.840206
468.591307 1287.871134
468.841366 1288.458763
469.091892 1285.000000
469.342651 1291.206186
469.593506 1289.489691
469.843948 1287.608247
470.094133 1288.298969
470.344693 1290.020619
470.595015 1286.113402
470.845029 1290.087629
471.095513 1287.056701
471.345572 1287.974227
471.595969 1286.379487
471.847033 1286.912371
472.097187 1284.933333
472.348081 1288.592784
472.598429 1287.701031
472.848617 1286.825641
473.099685 1287.118557
473.349914 1287.221649
473.600015 1291.041237
473.850707 1288.515464
474.100985 1287.097938
474.351179 1288.262887
474.601362 1286.670103
474.851450 1283.805128
475.102300 1287.497436
475.353481 1287.886598
475.603542 1288.876289
475.854304 1288.505155
476.104308 1287.438144
476.354541 1289.020619
476.605091 1288.412371
476.855216 1289.216495
477.105739 1286.810256
477.356857 1285.697436
477.608059 1288.000000
477.858291 1286.256410
478.109477 1288.376289
478.359729 1283.323077
478.610310 1290.984536
478.861101 1285.876923
479.112364 1288.319588
479.362534 1287.974227
479.612709 1287.025773
479.862793 1290.814433
480.113576 1285.333333
480.364555 1285.860825
480.614574 1291.365979
480.865204 1286.061538
481.116486 1286.577320
481.366508 1289.005155
481.616663 1288.005155
481.867130 1284.215385
482.117753 1287.556701
482.368062 1290.386598
482.618613 1287.907216
482.868829 1287.175258
483.118998 1287.891753
483.369044 1285.927835
483.619135 1288.932990
483.869347 1284.389744
484.120212 1288.128866
484.370484 1291.185567
484.621232 1287.237113
484.871506 1286.112821
485.122487 1286.533333
485.373700 1287.546392
485.623839 1289.953608
485.874383 1287.891753
486.124609 1288.242268
486.375013 1285.779487
486.626242 1290.613402
486.876766 1288.680412
487.127078 1287.809278
487.377462 1286.348718
487.628537 1290.649485
487.879405 1282.876923
488.129781 1287.128866
488.380089 1291.407216
488.630782 1289.561856
488.881447 1286.851282
489.132755 1286.661538
489.383974 1287.020513
489.635452 1290.329897
489.885885 1283.569231
490.136597 1285.984615
490.387616 1289.773196
490.638435 1290.881443
490.889021 1286.379487
491.140357 1288.190722
491.390478 1286.282051
491.641643 1287.412371
491.891818 1287.422680
492.141994 1285.984615
492.392981 1290.051546
492.643626 1286.546392
492.893656 1286.620513
493.144882 1288.876289
493.395332 1287.881443
493.645499 1288.304124
493.895772 1288.056701
494.146021 1287.664948
494.396155 1289.335052
494.646614 1285.829897
494.896865 1287.748718
495.148138 1287.577320
495.398138 1291.072165
495.648943 1290.015464
495.899485 1285.158974
496.150480 1287.010309
496.400509 1288.134021
496.650923 1287.298969
496.901006 1286.010256
497.152004 1288.402062
497.402382 1289.360825
497.652990 1288.891753
497.903602 1289.592784
498.153801 1285.179487
498.404789 1289.943299
498.655374 1287.757732
498.905539 1286.876289
499.155607 1286.148718
499.406821 1288.829897
499.657319 1292.103093
499.908201 1284.415385
500.158981 1288.711340
500.409329 1288.685567
500.659719 1287.020619
500.909804 1288.097938
501.159917 1287.603093
501.410151 1289.984536
501.660685 1288.984536
501.911190 1288.690722
502.161541 1286.235897
502.412743 1288.056701
502.663101 1287.510309
502.913189 1286.461538
503.164357 1287.541237
503.414403 1290.092784
503.664973 1287.469072
503.915226 1285.533333
504.166252 1288.690722
504.416747 1291.840206
504.667608 1286.461538
504.919035 1288.355670
505.169074 1285.046154
505.420160 1291.969072
505.671005 1286.273196
505.921084 1287.798969
506.171221 1285.461538
506.422142 1285.600000
506.673169 1290.427835
506.923970 1288.407216
507.174163 1287.371134
507.424315 1288.056701
507.674500 1287.829897
507.924700 1289.164948
508.175305 1287.798969
508.425313 1290.742268
508.676132 1286.733333
508.927499 1286.897436
509.178774 1288.304124
509.428976 1290.572165
509.679798 1288.051546
509.929945 1287.247423
510.180152 1287.298969
510.430223 1287.530928
510.680377 1287.948454
510.930544 1291.206186
511.181477 1285.405128
511.432518 1287.118557
511.682591 1290.041237
511.933083 1288.917526
512.183461 1289.432990
512.433922 1285.866667
512.685126 1287.927835
512.935294 1288.396907
513.185512 1286.917526
513.435799 1288.164948
513.685923 1286.548718
513.937116 1286.654639
514.187150 1285.989744
514.438204 1288.103093
514.688476 1289.561856
514.939068 1285.317949
515.190130 1289.237113
515.440544 1286.441026
515.691784 1290.886598
515.942483 1287.371134
516.192582 1288.969072
516.443119 1286.938462
516.694442 1287.845361
516.944477 1287.582474
517.194749 1287.345361
517.444870 1289.262887
517.695311 1287.793814
517.945531 1285.261538
518.196460 1290.876289
518.447190 1290.726804
518.698050 1288.304124
518.948295 1286.051282
519.199400 1286.690722
519.449417 1289.840206
519.700006 1284.841026
519.950825 1288.876289
520.201264 1289.613402
520.452003 1288.757732
520.702368 1292.819588
520.953336 1285.661538
521.204389 1286.592784
521.454460 1287.902062
521.704570 1288.201031
521.954844 1288.613402
522.205215 1289.685567
522.455723 1289.762887
522.706260 1286.793814
522.956281 1290.257732
523.206883 1288.371134
523.457385 1291.943299
523.708447 1288.685567
523.958611 1287.252577
524.208722 1285.405128
524.459882 1287.783505
524.710054 1287.402062
524.960248 1288.742268
525.210450 1289.391753
525.461076 1287.860825
525.711218 1286.584615
525.962491 1287.463918
526.212630 1286.415385
526.463707 1286.757732
526.713759 1290.118557
526.964315 1286.144330
527.214445 1286.276923
527.465588 1286.958763
527.715597 1288.953608
527.965930 1288.912371
528.216244 1287.448454
528.466600 1288.963918
528.716944 1286.312821
528.968122 1290.355670
529.218613 1286.046154
529.469759 1289.216495
529.720284 1283.687179
529.970824 1290.938144
530.221781 1288.128866
530.471950 1287.577320
530.722033 1285.353846
530.973187 1290.582474
531.223714 1288.412371
531.474158 1287.298969
531.724274 1288.288660
531.974570 1289.030928
532.225024 1289.664948
532.475391 1286.185567
532.725512 1286.358974
532.976666 1284.728205
533.227697 1291.860825
533.478415 1288.402062
533.728733 1289.144330
533.979380 1285.512821
534.230220 1287.180412
534.480397 1291.056701
534.731071 1286.355670
534.981232 1287.804124
535.231278 1286.076923
535.482363 1289.649485
535.733096 1283.948718
535.983784 1289.402062
536.234281 1289.932990
536.484716 1284.753846
536.735655 1285.205128
536.986736 1291.427835
537.237461 1289.525773
537.487954 1285.974227
537.737992 1287.138462
537.989346 1286.923077
538.240562 1286.820513
538.491883 1289.319588
538.742352 1288.164948
538.992631 1285.779487
539.243786 1285.702564
539.494736 1289.685567
539.745336 1287.386598
539.995481 1288.175258
540.245886 1289.783505
540.496304 1288.541237
540.746819 1287.020619
540.996876 1286.210256
541.247885 1287.561856
541.498006 1288.149485
541.748315 1288.041237
541.998520 1289.927835
542.249306 1286.497436
542.500359 1289.592784
542.750928 1286.922680
543.001052 1287.288660
543.251205 1289.814433
543.501647 1289.737113
543.752355 1288.350515
544.002751 1284.569231
544.253539 1290.000000
544.504245 1290.896907
544.754898 1287.298969
545.004990 1284.974359
545.255849 1288.927835
545.506402 1287.520619
545.756472 1287.747423
546.006616 1287.778351
546.256947 1289.226804
546.507167 1287.932990
546.757358 1287.778351
547.007798 1285.158974
547.258576 1285.158974
547.509630 1288.613402
547.760093 1287.025641
548.011608 1287.010256
548.262588 1288.577320
548.513117 1286.953846
548.764427 1287.809278
549.014435 1285.989744
549.265802 1292.190722
549.516733 1287.520619
549.766898 1285.958974
550.017987 1284.979487
550.269010 1288.015464
550.519310 1292.917526
550.770343 1289.123711
551.020759 1287.051546
551.270956 1285.041026
551.522058 1290.969072
551.772715 1289.283505
552.023024 1289.288660
552.273713 1286.892308
552.524965 1288.798969
552.775309 1287.092784
553.025419 1285.969231
553.276677 1289.262887
553.526788 1286.917526
553.776973 1284.579487
554.027872 1284.892308
554.278664 1289.046392
554.529331 1289.577320
554.779832 1286.887179
555.031206 1284.133333
555.281649 1287.907216
555.532063 1289.711340
555.782438 1288.350515
556.032901 1286.574359
556.284107 1286.615385
556.535361 1288.886598
556.785765 1286.261538
557.036810 1287.969072
557.287257 1289.185567
557.537700 1290.974227
557.788358 1290.376289
558.039130 1287.726804
558.289394 1288.427835
558.539536 1289.051546
558.789962 1286.020513
559.041148 1287.561856
559.291292 1289.876289
559.541922 1288.577320
559.792411 1287.860825
560.042438 1285.276923
560.293369 1289.902062
560.543924 1285.225641
560.794878 1285.410256
561.045979 1286.525773
561.296064 1290.381443
561.546598 1290.340206
561.797275 1287.427835
562.047504 1288.927835
562.297907 1289.005155
562.548392 1288.654639
562.798576 1290.530928
563.049468 1286.000000
563.300521 1293.699482
563.550597 1291.871134
563.801408 1286.190722
564.051548 1286.097436
564.302688 1290.139175
564.553262 1292.371134
564.804196 1286.312821
565.055430 1289.567010
565.306111 1289.706186
565.556483 1288.597938
565.806915 1287.855670
566.057187 1286.584615
566.308496 1290.391753
566.559144 1287.025641
566.810438 1289.350515
567.060831 1285.041026
567.311845 1289.448454
567.562268 1287.422680
567.812408 1285.502564
568.063635 1290.592784
568.314225 1287.247423
568.564342 1288.680412
568.814868 1288.587629
569.065017 1288.268041
569.315347 1287.376289
569.565356 1288.711340
569.815785 1287.268041
570.066067 1289.072165
570.316441 1287.312821
570.567806 1286.829897
570.817807 1286.584615
571.068990 1286.461538
571.320303 1288.025773
571.570499 1288.180412
571.820691 1284.835897
572.071528 1289.618557
572.322125 1286.597938
572.572171 1292.515464
572.823174 1286.492308
573.074356 1287.067010
573.324416 1287.247423
573.574642 1289.463918
573.824951 1288.587629
574.075377 1288.067010
574.325562 1287.479381
574.575756 1290.417526
574.826383 1285.625641
575.077453 1286.932990
575.327618 1288.036082
575.577744 1288.329897
575.827988 1286.917526
576.078142 1285.476923
576.328963 1287.061856
576.579121 1289.298969
576.829469 1290.917526
577.080293 1286.035897
577.331500 1288.618557
577.581686 1288.051546
577.832107 1289.092784
578.082675 1287.266667
578.333886 1287.061856
578.583924 1290.422680
578.834718 1290.340206
579.085434 1286.902564
579.336704 1287.252577
579.587018 1286.610256
579.838093 1289.407216
580.088424 1284.897436
580.339208 1287.097938
580.589409 1290.077320
580.840221 1287.261538
581.091606 1288.634021
581.341812 1286.194872
581.593017 1289.500000
581.843498 1286.548718
582.094691 1287.072165
582.344800 1288.056701
582.594956 1288.963918
582.845461 1288.520619
583.095723 1286.543590
583.347043 1290.314433
583.597700 1287.123711
583.847739 1286.922680
584.097840 1289.891753
584.348292 1286.184615
584.599552 1290.020619
584.850106 1285.297436
585.101112 1288.469072
585.351640 1285.174359
585.602469 1291.000000
585.853226 1287.876289
586.103427 1285.646154
586.354587 1291.417526
586.605486 1289.536082
586.856009 1287.876289
587.106267 1289.829897
587.356785 1286.251282
587.607908 1289.350515
587.858258 1287.994845
588.108774 1286.128205
588.359830 1291.103093
588.610488 1287.505155
588.860837 1287.613402
589.111032 1288.798969
589.361311 1287.757732
589.611603 1290.515464
589.862203 1289.247423
590.112745 1284.912821
590.363613 1288.309278
590.614031 1289.427835
590.864391 1287.907216
591.114642 1288.072165
591.364923 1289.139175
591.615325 1291.469072
591.866359 1285.184615
592.117211 1285.364103
592.368283 1288.185567
592.618519 1285.564103
592.869408 1287.726804
593.119730 1288.768041
593.370048 1289.329897
593.620816 1290.082474
593.871126 1283.215385
594.121794 1287.381443
594.371896 1289.618557
594.622479 1290.221649
594.873160 1287.886598
595.123392 1287.943299
595.373582 1289.216495
595.624012 1287.000000
595.874039 1290.407216
596.124721 1286.938462
596.375926 1289.108247
596.626503 1289.082474
596.876834 1288.195876
597.127077 1285.907692
597.378287 1287.907216
597.628576 1290.484536
597.879319 1288.376289
598.129515 1286.605128
598.380827 1289.520619
598.631214 1289.659794
598.881730 1288.649485
599.132098 1285.974359
599.383324 1286.391753
599.633542 1286.194872
-----------------------------------
MEMD, exp1_memcached_out, 4652165.000000, 42.000000, 1288.028706, 90.187436, 1274.000000, 1511.000000, 1596.000000, 1667.000000, 3267.000000, 1291.182017, 849.827630
