0.000000 551.934211
0.250198 1288.025773
0.500479 1287.417526
0.750513 1284.405128
1.001565 1288.994845
1.251941 1287.685567
1.502154 1286.659794
1.752231 1286.594872
2.003481 1285.548718
2.254560 1285.717949
2.505730 1286.670103
2.755775 1289.726804
3.006372 1286.041026
3.257368 1288.329897
3.507658 1286.876289
3.757705 1287.000000
4.007861 1288.484536
4.258236 1286.789744
4.509551 1287.036082
4.759617 1289.855670
5.010292 1287.742268
5.260383 1285.594872
5.511587 1287.365979
5.761700 1290.659794
6.012225 1286.587629
6.262617 1289.603093
6.513133 1285.538462
6.764045 1287.159794
7.014344 1285.010256
7.265240 1288.675258
7.515719 1285.856410
7.766704 1287.448454
8.017048 1288.510309
8.267403 1286.298969
8.517566 1286.564103
8.768567 1288.360825
9.018993 1288.505155
9.269316 1284.984615
9.520434 1286.623711
9.770519 1287.108247
10.020607 1286.261538
10.271946 1287.133333
10.523149 1285.897436
10.774430 1287.317949
11.025750 1289.793814
11.276184 1287.216495
11.526353 1285.589744
11.777470 1286.206186
12.027489 1288.628866
12.277762 1287.402062
12.528120 1291.561856
12.778737 1293.512953
13.028923 1288.979381
13.279252 1285.676923
13.530499 1293.128866
13.781597 1287.092784
14.031899 1288.628866
14.282380 1286.276923
14.533476 1286.702564
14.785008 1289.000000
15.035167 1290.716495
15.286011 1289.541237
15.536446 1289.000000
15.786974 1288.056701
16.037225 1285.907692
16.288565 1289.701031
16.539141 1286.594872
16.790414 1286.615385
17.041748 1288.768041
17.291988 1287.690722
17.542207 1290.180412
17.792831 1287.396907
18.043134 1287.494845
18.293241 1287.128205
18.544484 1291.046392
18.795387 1283.851282
19.046105 1286.528205
19.297311 1288.979381
19.547853 1288.489691
19.798188 1285.938462
20.049421 1287.092308
20.300686 1290.201031
20.551508 1287.425641
20.802740 1290.850515
21.053545 1287.871134
21.303662 1290.427835
21.554400 1291.551546
21.805183 1284.892308
22.056199 1287.783505
22.306441 1285.000000
22.557302 1288.412371
22.807843 1287.979381
23.057853 1288.345361
23.308335 1288.634021
23.558410 1288.340206
23.809032 1289.706186
24.059553 1288.407216
24.309659 1289.097938
24.560105 1285.814433
24.810108 1286.892308
25.061388 1285.215385
25.312184 1291.422680
25.563018 1288.443299
25.813542 1284.825641
26.064409 1289.984536
26.314815 1287.108247
26.564986 1290.685567
26.815833 1285.564103
27.066646 1289.659794
27.317283 1287.695876
27.567632 1288.716495
27.817836 1291.551546
28.068704 1288.195876
28.319006 1289.371134
28.569598 1289.005155
28.819843 1289.061856
29.070377 1289.639175
29.320788 1288.082474
29.571102 1291.345361
29.821940 1288.108247
30.072275 1288.164948
30.322433 1287.469072
30.572579 1288.015464
30.822955 1289.603093
31.073399 1286.793814
31.323411 1287.752577
31.573529 1287.335052
31.823677 1284.441026
32.074520 1286.515464
32.324752 1290.051546
32.575195 1286.646154
32.826257 1288.798969
33.076783 1287.644330
33.326927 1288.335052
33.577153 1290.371134
33.827786 1287.469072
34.077890 1287.536082
34.328062 1287.175258
34.578130 1288.422680
34.828476 1285.917949
35.079562 1287.108247
35.329715 1288.412371
35.579979 1287.000000
35.830008 1287.948454
36.080183 1289.541237
36.330844 1288.453608
36.581342 1288.015385
36.832656 1286.964103
37.083998 1288.510309
37.334230 1289.891753
37.584869 1289.139175
37.835186 1286.335052
38.085206 1287.061856
38.335384 1288.737113
38.585600 1289.798969
38.836196 1287.953608
39.086260 1289.670103
39.336949 1291.020619
39.587798 1287.030928
39.837886 1288.309278
40.088263 1288.762887
40.338596 1287.963918
40.588854 1287.097436
40.840236 1289.365979
41.090644 1288.762887
41.340969 1288.355670
41.591396 1291.953608
41.842286 1287.556701
42.092356 1288.608247
42.342850 1286.690722
42.592880 1288.603093
42.843289 1285.933333
43.094445 1286.133333
43.345389 1286.307692
43.596583 1289.835052
43.847104 1286.695876
44.097290 1285.897436
44.348204 1290.180412
44.598914 1285.948718
44.850182 1288.675258
45.100365 1287.396907
45.350496 1288.778351
45.600998 1290.809278
45.851558 1283.410256
46.102321 1288.613402
46.352779 1285.743590
46.603837 1286.861538
46.855055 1288.974227
47.105347 1287.474227
47.355574 1289.020619
47.605987 1288.417526
47.856358 1287.329897
48.106370 1288.448454
48.356659 1286.840206
48.606719 1289.381443
48.857255 1287.257732
49.107441 1288.005155
49.357538 1288.407216
49.607874 1290.355670
49.858614 1287.283505
50.108763 1288.386598
50.359090 1285.774359
50.610187 1289.061856
50.860506 1286.625641
51.111713 1288.463918
51.362014 1286.855670
51.612221 1291.963918
51.863223 1287.235897
52.114324 1290.819588
52.365193 1288.551546
52.615420 1287.010309
52.865511 1287.742268
53.115723 1287.670103
53.365901 1289.613402
53.616546 1289.835052
53.867068 1286.230769
54.118325 1288.474227
54.368498 1286.912371
54.618696 1293.523316
54.868710 1289.613402
55.119011 1283.923077
55.369914 1287.659794
55.620140 1289.587629
55.870609 1287.314433
56.120721 1286.948718
56.371872 1292.201031
56.623028 1288.262887
56.873303 1288.443299
57.123517 1285.723077
57.374782 1289.546392
57.625243 1287.035897
57.876531 1291.221649
58.127346 1290.278351
58.377918 1287.824742
58.628099 1287.515464
58.878195 1287.304124
59.128338 1287.159794
59.378582 1288.412371
59.628884 1287.257732
59.878937 1288.164948
60.129058 1286.572165
60.379237 1288.247423
60.629329 1287.474227
60.879589 1287.695876
61.129672 1286.087179
61.380881 1288.350515
61.631135 1290.030928
61.881907 1289.185567
62.132012 1284.558974
62.383152 1288.814433
62.633325 1288.139175
62.883644 1285.605128
63.134758 1289.757732
63.385471 1289.247423
63.635759 1289.010309
63.886231 1287.128866
64.136274 1287.484536
64.386503 1286.882051
64.637755 1290.046392
64.888334 1289.551546
65.138830 1285.035897
65.389859 1289.067010
65.640448 1290.226804
65.890904 1286.364103
66.142100 1288.711340
66.392387 1285.608247
66.642432 1291.371134
66.893313 1287.338462
67.144516 1291.324742
67.395494 1287.448454
67.645671 1288.479381
67.895834 1286.639175
68.145941 1287.134021
68.395969 1288.139175
68.646151 1288.391753
68.896735 1287.628866
69.146772 1287.608247
69.396955 1286.743590
69.648243 1290.056701
69.898797 1287.551546
70.148903 1287.335052
70.399028 1288.752577
70.649425 1291.561856
70.900414 1286.466667
71.151568 1287.381443
71.401752 1289.479381
71.652240 1287.613402
71.902345 1288.443299
72.152665 1287.283505
72.402822 1288.701031
72.653309 1287.410256
72.904719 1287.087179
73.155945 1286.768041
73.406025 1287.752577
73.656142 1289.891753
73.906722 1285.646154
74.157723 1285.292308
74.408680 1287.231959
74.659046 1287.628866
74.909229 1290.881443
75.159702 1287.546392
75.409872 1286.804124
75.659896 1290.195876
75.910637 1284.630769
76.161409 1289.453608
76.412087 1288.067010
76.662236 1287.257732
76.912508 1288.216495
77.162544 1287.268041
77.412623 1288.623711
77.663083 1287.814433
77.913191 1291.221649
78.164063 1287.092784
78.414262 1289.675258
78.664677 1290.134021
78.915439 1289.969072
79.165872 1287.773196
79.416235 1289.948454
79.666712 1289.814433
79.917338 1287.536082
80.167541 1289.432990
80.417993 1286.405128
80.669273 1289.706186
80.919868 1287.251282
81.171118 1288.716495
81.421439 1288.309278
81.671785 1289.664948
81.922415 1284.969231
82.173367 1287.948454
82.423413 1288.159794
82.673955 1288.886598
82.923975 1287.551546
83.174323 1287.087629
83.424456 1286.128205
83.675436 1290.005155
83.926264 1285.635897
84.177047 1287.927835
84.427356 1288.123711
84.677750 1288.546392
84.928023 1286.292308
85.179249 1289.350515
85.429665 1288.561856
85.680061 1290.195876
85.930617 1287.706186
86.180811 1286.456410
86.432063 1285.364103
86.683074 1289.525773
86.933670 1287.407216
87.183696 1287.164948
87.433702 1287.871134
87.684035 1288.469072
87.934338 1284.687179
88.185124 1288.737113
88.435442 1286.340206
88.685559 1289.561856
88.935889 1288.752577
89.186286 1288.391753
89.436668 1287.211340
89.686706 1290.412371
89.937480 1288.025773
90.187591 1289.798969
90.438133 1287.649485
90.688547 1286.835897
90.939581 1287.340206
91.189796 1286.675258
91.439935 1286.543590
91.691165 1289.793814
91.941595 1288.324742
92.191857 1287.046392
92.442122 1286.492308
92.693178 1290.943299
92.943760 1286.742268
93.194067 1290.324742
93.444786 1287.276923
93.695994 1287.474227
93.946182 1287.469072
94.196252 1288.170103
94.446461 1288.154639
94.696874 1291.206186
94.947650 1288.510309
95.197977 1288.180412
95.448192 1287.365979
95.698288 1289.876289
95.948888 1286.148718
96.200251 1288.252577
96.450371 1287.938144
96.700751 1288.097938
96.950796 1287.747423
97.200951 1288.675258
97.451478 1286.410256
97.702742 1290.422680
97.953182 1285.523077
98.204305 1288.154639
98.454617 1289.561856
98.705094 1289.474227
98.955579 1286.071795
99.206813 1286.897436
99.457944 1286.788660
99.708220 1289.412371
99.958524 1286.788660
100.208611 1289.453608
100.459080 1286.430769
100.710343 1287.814433
100.960589 1286.010256
101.211581 1288.402062
101.462036 1285.461538
101.713121 1293.056701
101.964167 1287.603093
102.214305 1288.567010
102.464593 1289.881443
102.715244 1288.881443
102.965686 1287.917526
103.215780 1291.144330
103.466640 1287.113402
103.716672 1291.850515
103.967807 1287.917526
104.218090 1288.432990
104.468224 1285.794872
104.719406 1289.520619
104.969833 1286.564103
105.221003 1286.282051
105.472268 1289.469072
105.722756 1290.458763
105.973397 1286.000000
106.224715 1286.451282
106.475842 1289.113402
106.726268 1291.268041
106.976938 1287.067010
107.227223 1289.757732
107.477645 1286.432990
107.727790 1286.958974
107.978936 1288.530928
108.229385 1288.072165
108.479632 1289.128866
108.730123 1288.623711
108.980312 1285.543590
109.231624 1288.850515
109.481704 1290.335052
109.732476 1287.969072
109.982677 1284.528205
110.233574 1291.541237
110.484390 1287.510309
110.734577 1286.600000
110.985847 1288.010309
111.235958 1288.752577
111.486501 1289.396907
111.736815 1288.603093
111.987423 1286.035897
112.238433 1288.510309
112.488689 1289.561856
112.739327 1286.587629
112.989470 1290.195876
113.239933 1289.262887
113.490344 1290.128866
113.741075 1286.574359
113.992377 1286.446154
114.243441 1288.824742
114.493900 1288.530928
114.744262 1289.097938
114.994713 1288.422680
115.244956 1289.072165
115.495432 1289.520619
115.745958 1285.923077
115.996992 1286.613402
116.247209 1290.494845
116.497707 1287.979381
116.747950 1286.917526
116.998213 1286.753846
117.249414 1291.180412
117.500145 1288.886598
117.750458 1286.015385
118.001679 1287.092784
118.251860 1287.046154
118.503079 1291.979381
118.753926 1286.871134
119.004089 1288.541237
119.254417 1288.005155
119.504628 1286.225641
119.755850 1287.381443
120.006079 1288.984536
120.256318 1286.324742
120.506361 1287.953608
120.756432 1288.407216
121.006798 1289.180412
121.257244 1290.051546
121.507958 1287.237113
121.757978 1289.664948
122.008324 1287.592784
122.258721 1288.453608
122.509113 1287.241026
122.760285 1287.948454
123.010536 1286.261538
123.261636 1289.391753
123.512221 1289.592784
123.762721 1287.742268
124.013219 1291.273196
124.263828 1289.469072
124.514301 1285.882051
124.765362 1286.891753
125.015516 1288.082474
125.265708 1286.394872
125.516911 1288.226804
125.767183 1289.324742
126.017709 1288.623711
126.268024 1291.000000
126.518791 1289.675258
126.769249 1285.494845
127.019265 1288.556701
127.269586 1288.412371
127.519735 1291.046392
127.770688 1288.515464
128.020880 1284.897436
128.272033 1290.907216
128.522543 1285.933333
128.773779 1289.113402
129.024132 1284.482051
129.275142 1289.979381
129.525669 1288.340206
129.775912 1761.619718
130.026362 1288.809278
130.276744 1286.726804
130.526755 1285.805128
130.777971 1287.128866
131.028023 1287.685567
131.278118 1288.118557
131.528327 1288.097938
131.778605 1290.783505
132.029550 1288.912371
132.279674 1285.728205
132.530731 1287.814433
132.781091 1286.533333
133.032306 1289.365979
133.282726 1289.958763
133.533292 1287.216495
133.783626 1288.381443
134.033759 1286.261538
134.284897 1290.778351
134.535721 1287.515464
134.785867 1289.376289
135.036547 1286.610256
135.287681 1286.912371
135.537862 1289.628866
135.788531 1776.191489
136.039222 1284.030769
136.289935 1292.159794
136.540896 1287.144330
136.790931 1287.536082
137.041377 1289.762887
137.291725 1286.603093
137.541857 1289.231959
137.792108 1287.726804
138.042263 1286.567010
138.292348 1290.097938
138.542775 1285.742268
138.792791 1289.613402
139.043160 1283.707692
139.293984 1286.066667
139.545095 1289.030928
139.795491 1289.046392
140.045877 1285.646154
140.297033 1287.603093
140.547199 1287.814433
140.797325 1290.938144
141.048311 1292.505155
141.299478 1688.048611
141.550078 1355.178947
141.800569 1289.608247
142.051108 1285.630769
142.302007 1287.371134
142.552189 1287.118557
142.802305 1286.829897
143.052557 1287.482051
143.303683 1285.800000
143.554820 1287.644330
143.804972 1287.242268
144.055058 1288.953608
144.305561 1286.476923
144.556898 1287.639175
144.807059 1286.179487
145.058186 1290.984536
145.309107 1776.872340
145.559953 1288.505155
145.810129 1288.835052
146.060392 1287.067010
146.310487 1286.374359
146.561735 1289.360825
146.812280 1288.128866
147.062477 1289.262887
147.313022 1286.271795
147.564018 1288.639175
147.814418 1290.515464
148.065070 1286.912371
148.315240 1288.865979
148.565457 1282.441026
148.816138 1290.907216
149.066938 1288.886598
149.317163 1567.050000
149.581013 1416.559140
149.832286 1288.221649
150.082325 1287.005155
150.332446 1286.794872
150.583673 1288.365979
150.833973 1288.103093
151.084482 1286.738462
151.335647 1433.175439
151.590640 1559.365269
151.841668 1288.737113
152.092072 1290.530928
152.342699 1288.943299
152.593118 1287.654639
152.843458 1288.716495
153.093657 1289.077320
153.344161 1287.850515
153.594344 1286.536082
153.844443 1288.036082
154.094600 1287.097938
154.344681 1289.597938
154.595199 1290.685567
154.845805 1288.350515
155.096330 1286.897436
155.347595 1289.061856
155.598216 1286.266667
155.849311 1287.271795
156.100697 1291.335052
156.351465 1289.216495
156.601953 1288.711340
156.852431 1286.738462
157.103644 1287.572165
157.353927 1288.396907
157.604125 1291.149485
157.855000 1291.067010
158.105799 1287.912371
158.355953 1287.902062
158.606355 1291.345361
158.857122 1287.180412
159.107493 1289.252577
159.357828 1284.369231
159.608412 1288.912371
159.858991 1288.319588
160.109124 1288.149485
160.359788 1291.164948
160.610369 1286.711340
160.860509 1290.448454
161.110988 1288.783505
161.361384 1285.778351
161.611472 1290.051546
161.861869 1288.118557
162.112139 1290.752577
162.362997 1288.175258
162.613153 1291.056701
162.863940 1287.175258
163.114089 1288.572165
163.364432 1285.384615
163.615441 1287.510309
163.865494 1288.309278
164.115956 1286.923077
164.367116 1290.170103
164.617671 1288.886598
164.868264 1285.841026
165.119450 1289.835052
165.369872 1288.041237
165.620125 1871.375940
165.878064 2446.801887
166.129032 1288.974227
166.379359 1285.958974
166.630690 1289.855670
166.881192 1289.494845
167.131681 1287.072165
167.381761 1287.541237
167.631824 1286.891753
167.882065 1289.463918
168.132399 1284.964103
168.383300 1287.561856
168.633390 1288.958763
168.883846 1287.407216
169.134074 1288.046392
169.384302 1286.400000
169.635627 1288.752577
169.885884 1292.582474
170.136892 1287.273196
170.387190 2095.211864
170.637822 2056.804878
170.888003 1286.712821
171.139385 1290.510309
171.389882 1287.943299
171.640298 1289.211340
171.890854 1287.476923
172.142173 1288.412371
172.392358 1285.502564
172.643406 1287.680412
172.893679 1289.690722
173.144163 1288.597938
173.394660 1287.747423
173.644847 1291.515464
173.895761 1289.938144
174.146323 1683.691275
174.400669 2783.527473
174.651023 1290.582474
174.901749 1290.381443
175.152503 1287.685567
175.402860 1288.128866
175.652996 1290.510309
175.903724 1289.618557
176.154406 1291.881443
176.405273 1291.041237
176.656100 1287.608247
176.906282 1286.897436
177.157661 1290.159794
177.408179 1284.482051
177.658946 1290.190722
177.909672 1288.345361
178.160137 1283.948718
178.410875 1289.474227
178.661215 1288.030928
178.911395 1286.338462
179.162768 1289.025773
179.413070 1287.886598
179.663250 1287.577320
179.913603 1286.476923
180.164828 1289.164948
180.415145 1284.805128
180.666187 1287.210256
180.917470 2038.560976
181.168496 2315.277778
181.418762 1290.597938
181.669485 1287.855670
181.919630 1390.183333
182.173898 2426.883495
182.427263 1597.925466
182.678110 1287.778351
182.928407 1287.556701
183.178423 1286.865979
183.428485 1287.597938
183.678684 1288.721649
183.928837 1289.077320
184.179423 1285.035897
184.430457 1288.283505
184.680663 1289.984536
184.931462 1285.979487
185.182540 1289.412371
185.432893 1286.323077
185.684192 1288.814433
185.934452 1287.056701
186.184624 1286.690722
186.434703 1288.010309
186.684990 1286.810256
186.936230 1289.108247
187.186673 1283.841026
187.437259 1287.840206
187.687505 1289.144330
187.938249 1287.747423
188.188279 1288.170103
188.438609 1286.251282
188.689828 1288.829897
188.940116 1288.762887
189.190557 1288.185567
189.441002 1283.117949
189.691590 1289.113402
189.941944 1288.206186
190.192221 1288.030928
190.442419 1287.324742
190.692674 1287.097938
190.942874 1289.907216
191.193191 1289.546392
191.443884 1288.603093
191.694200 1291.340206
191.945074 1289.257732
192.195589 1626.714286
192.450148 3179.387500
192.701031 1290.953608
192.951854 1288.298969
193.202134 1286.994845
193.452195 1288.917526
193.702735 1290.731959
193.953406 1287.742268
194.203750 1285.415385
194.454748 1284.384615
194.705749 1290.500000
194.956324 1288.077320
195.206626 1287.443299
195.456938 1288.829897
195.707385 1288.835052
195.957678 1287.113402
196.207684 1288.680412
196.458423 1288.298969
196.708473 1289.329897
196.958897 1284.625641
197.209883 1290.865979
197.460908 1287.179487
197.712209 1290.329897
197.963038 1287.943299
198.213300 1289.201031
198.463702 1290.252577
198.714290 1285.779487
198.965294 1289.041237
199.215767 1286.577320
199.465864 1289.762887
199.716240 1289.427835
199.966945 1290.500000
200.217676 1287.144330
200.467733 1288.422680
200.718096 1286.603093
200.968138 1287.252577
201.218210 1287.230769
201.469437 1284.943590
201.720341 1288.917526
201.970925 1289.876289
202.221450 1287.855670
202.471545 1285.789744
202.722627 1290.608247
202.973669 1289.309278
203.223797 1286.256410
203.474960 1288.041237
203.725291 1288.108247
203.975653 1288.587629
204.225959 1287.474227
204.476148 1286.200000
204.727303 1291.283505
204.977992 1284.717949
205.228906 1286.974227
205.479079 1289.077320
205.729459 1288.030928
205.979700 1286.046154
206.230761 1287.288660
206.481050 1290.412371
206.731566 1288.030928
206.981823 1286.979381
207.231836 1287.778351
207.482108 1288.139175
207.732433 1289.365979
207.982935 1286.897436
208.234105 1288.072165
208.484282 1290.314433
208.735114 1286.753846
208.986418 1289.051546
209.236689 1287.515464
209.487093 1288.778351
209.737314 1289.778351
209.987781 1289.824742
210.238331 1284.174359
210.489344 1287.912371
210.739346 1287.386598
210.989528 1288.020619
211.239728 1285.891753
211.489751 1290.608247
211.740347 1288.649485
211.990581 1287.747423
212.240816 1285.923077
212.492025 1286.400000
212.743293 1287.989691
212.993494 1288.365979
213.243817 1287.814433
213.494056 1290.123711
213.744539 1286.912371
213.994724 1289.298969
214.245028 1316.243386
214.499059 1674.605263
214.749077 1286.138462
215.000266 1728.344828
215.251267 1290.768041
215.502205 1289.798969
215.752543 1290.881443
216.003407 1285.251282
216.254549 1289.731959
216.505032 1288.061856
216.755338 1290.103093
217.006029 1289.623711
217.256530 1291.979381
217.507436 1289.731959
217.757957 1288.623711
218.008373 1286.324742
218.258519 1289.680412
218.508880 1289.927835
218.759563 1287.701031
219.009702 1286.138462
219.260805 1289.443299
219.511315 1287.654639
219.761634 1288.773196
220.012094 1287.353846
220.263379 1289.546392
220.514054 1287.302564
220.765478 1288.309278
221.015528 1290.036082
221.266201 1289.195876
221.516603 1291.664948
221.767614 1287.835052
222.017633 1287.917526
222.268124 1290.515464
222.518835 1287.288660
222.768922 1288.530928
223.019161 1288.206186
223.269385 1288.541237
223.519894 1291.608247
223.770897 1288.298969
224.020898 1288.391753
224.271313 1288.015464
224.521688 1286.297436
224.772698 1748.069930
225.023147 1289.994845
225.273685 1286.328205
225.524927 1290.149485
225.775534 1291.376289
226.026566 1287.242268
226.276600 1285.312821
226.527740 1289.324742
226.778093 1289.170103
227.028449 1288.438144
227.278784 1285.840206
227.528804 1290.005155
227.779287 1286.840206
228.029417 1286.896907
228.279458 1288.407216
228.529650 1289.072165
228.780219 1764.140845
229.031011 1288.139175
229.281333 1288.458763
229.531709 1291.675258
229.782653 1287.427835
230.032810 1288.716495
230.283327 1286.618557
230.533366 1288.386598
230.783552 1748.188811
231.033758 1289.649485
231.284534 1291.108247
231.535356 1288.469072
231.785572 1288.226804
232.035764 1288.474227
232.286202 1290.510309
232.536861 1288.164948
232.787204 1287.757732
233.037479 1287.000000
233.288821 1285.723077
233.539782 1290.180412
233.790387 1288.809278
234.040739 1287.036082
234.290837 1288.041237
234.541203 1288.164948
234.791544 1287.628866
235.041562 1287.185567
235.291697 1293.259067
235.541965 1289.159794
235.792113 1287.541237
236.042267 1288.551546
236.292682 1287.654639
236.542879 1287.768041
236.793017 1289.025773
237.043351 1285.441026
237.294504 1288.108247
237.544741 1286.205128
237.795856 1290.262887
238.046568 1289.211340
238.296918 1286.381443
238.547207 1288.551546
238.797323 1289.164948
239.047770 1294.362694
239.298010 1729.600000
239.549014 1290.458763
239.799786 1289.273196
240.050304 1290.175258
240.300917 1286.369231
240.552228 1288.783505
240.802663 1290.546392
241.053294 1287.252577
241.303382 1287.314433
241.553719 1292.479381
241.804616 1287.546392
242.054767 1286.391753
242.304771 1289.257732
242.555126 1290.680412
242.805869 1289.695876
243.056360 1287.128866
243.306653 1290.902062
243.557331 1287.927835
243.807613 1287.829897
244.057841 1290.118557
244.308425 1291.948454
244.559445 1289.005155
244.809903 1287.902062
245.060013 1289.448454
245.310793 1289.649485
245.561209 1290.283505
245.811778 1288.309278
246.062167 1289.262887
246.312817 1289.237113
246.563196 1288.412371
246.813415 1286.922680
247.063443 1289.603093
247.314031 1286.430769
247.565129 1287.680412
247.815440 1288.030928
248.065663 1288.690722
248.315896 1287.804124
248.566071 1289.530928
248.816658 1287.561856
249.066821 1287.551546
249.316991 1286.762887
249.567072 1289.860825
249.817608 1287.731959
250.067684 1289.077320
250.318175 1287.670103
250.568410 1290.221649
250.819116 1288.103093
251.069249 1288.572165
251.319567 1286.500000
251.569750 1290.113402
251.820184 1286.805128
252.071551 1288.860825
252.321816 1289.530928
252.572333 1287.577320
252.822708 1288.706186
253.072839 1289.840206
253.323630 1290.798969
253.574194 1284.784615
253.825220 1289.747423
254.075646 1286.412371
254.325672 1287.402062
254.575951 1290.262887
254.826473 1285.846154
255.077764 1288.829897
255.328015 1287.814433
255.578252 1290.922680
255.829035 1289.025773
256.079434 1289.340206
256.330092 1287.345361
256.580245 1287.712821
256.831473 1287.690722
257.081629 1287.396907
257.331661 1289.922680
257.582503 1287.716495
257.832622 1286.312821
258.083896 1288.902062
258.334230 1289.608247
258.584714 1286.989691
258.834716 1288.752577
259.085006 1286.144330
259.335308 1287.685567
259.585328 1286.517949
259.836541 1288.731959
260.086717 1288.783505
260.337131 1289.958763
260.587773 1289.185567
260.838302 1287.814433
261.088600 1288.046392
261.338764 1286.446154
261.589936 1290.963918
261.840785 1288.139175
262.090915 1287.067010
262.341318 1287.707692
262.592548 1287.175258
262.842586 1289.845361
263.093224 1288.237113
263.343548 1290.546392
263.594284 1288.231959
263.844453 1285.800000
264.095831 1289.963918
264.346161 1287.185567
264.596252 1287.221649
264.846394 1287.778351
265.096657 1287.726804
265.346942 1288.768041
265.597110 1288.154639
265.847406 1289.046392
266.097856 1285.369231
266.349046 1289.072165
266.599568 1289.386598
266.849848 1286.969072
267.099967 1289.386598
267.350449 1284.210256
267.601199 1289.907216
267.851824 1288.319588
268.102060 1287.159794
268.352278 1286.548718
268.603375 1289.077320
268.853785 1288.603093
269.104182 1286.338462
269.355254 1288.958763
269.605714 1287.427835
269.855858 1286.695876
270.105977 1288.845361
270.356371 1286.938144
270.606381 1291.463918
270.857243 1286.317949
271.108411 1290.030928
271.359187 1290.046392
271.609570 1287.788660
271.859869 1289.128866
272.110312 1283.984615
272.361040 1288.216495
272.611386 1290.118557
272.861941 1287.479381
273.112321 1290.309278
273.362701 1285.010256
273.613852 1289.448454
273.864299 1287.030769
274.115599 1288.051546
274.365924 1287.092308
274.617084 1288.664948
274.867672 1287.117949
275.118751 1286.850515
275.368813 1289.319588
275.619331 1287.391753
275.869406 1289.046392
276.119854 1288.422680
276.370038 1285.608247
276.620039 1289.804124
276.870638 1285.764103
277.121607 1289.402062
277.372215 1286.687179
277.623462 1293.279793
277.873561 1289.541237
278.123969 1286.728205
278.375179 1290.237113
278.625880 1284.610256
278.876638 1287.412371
279.126774 1286.520619
279.376868 1287.649485
279.627175 1291.231959
279.877838 1286.456410
280.129130 1288.927835
280.379621 1288.015464
280.629663 1286.261538
280.880924 1287.737113
281.131002 1286.175258
281.381016 1288.891753
281.631353 1288.329897
281.881595 1290.912371
282.132517 1286.569231
282.383583 1288.634021
282.633976 1288.711340
282.884332 1287.463918
283.134699 1289.902062
283.385091 1284.897436
283.635912 1291.747423
283.887036 1290.010309
284.137584 1284.374359
284.388380 1289.036082
284.638819 1286.400000
284.890413 1289.752577
285.140698 1286.948718
285.392144 1289.664948
285.642443 1284.830769
285.893354 1288.221649
286.143668 1287.391753
286.393808 1286.841026
286.645007 1288.680412
286.895425 1286.456410
287.146724 1287.788660
287.396866 1287.474227
287.646893 1287.144330
287.897173 1289.139175
288.147420 1289.747423
288.398017 1288.525773
288.648203 1289.376289
288.898860 1290.010309
289.149460 1287.030928
289.399530 1288.680412
289.650157 1293.731959
289.901213 1286.974227
290.151308 1286.271795
290.402489 1288.494845
290.652763 1290.685567
290.903561 1286.471795
291.154727 1287.922680
291.405213 1288.484536
291.655270 1286.443299
291.905273 1289.154639
292.155723 1288.778351
292.406054 1286.989691
292.656399 1290.154639
292.906701 1287.768041
293.156993 1290.164948
293.407678 1286.441026
293.658847 1289.355670
293.909491 1287.123077
294.160689 1287.128866
294.410986 1289.670103
294.661278 1290.670103
294.912075 1289.582474
295.162577 1288.118557
295.412878 1290.113402
295.663711 1287.430769
295.914871 1287.829897
296.165226 1291.329897
296.416170 1285.317949
296.667008 1288.639175
296.917430 1288.386598
297.167653 1291.386598
297.418870 1285.282051
297.669731 1289.881443
297.920377 1288.644330
298.170555 1286.241026
298.421903 1289.309278
298.672203 1283.117949
298.922967 1287.394872
299.174181 1287.809278
299.424354 1289.798969
299.675096 1290.216495
299.925636 1285.169231
300.176826 1289.061856
300.427027 1289.391753
300.677572 1289.530928
300.928023 1285.805128
301.179107 1288.144330
301.429614 1289.113402
301.679986 1289.515464
301.930696 1288.742268
302.180954 1286.389744
302.432016 1288.170103
302.682289 1288.860825
302.932715 1283.148718
303.183345 1291.891753
303.434352 1285.410256
303.685438 1290.309278
303.936178 1289.329897
304.186485 1285.969231
304.437614 1286.603093
304.687751 1288.809278
304.938222 1289.881443
305.188671 1283.405128
305.439481 1288.994845
305.689818 1290.701031
305.940557 1285.548718
306.191658 1289.319588
306.442045 1288.742268
306.692634 1289.164948
306.942935 1285.717949
307.194338 1289.226804
307.444673 1287.902062
307.694817 1291.943299
307.945739 1288.417526
308.196078 1288.530928
308.446641 1288.139175
308.696678 1285.850515
308.946717 1288.711340
309.196926 1291.087629
309.447940 1287.917526
309.698168 1289.819588
309.948568 1287.541237
310.198840 1288.871134
310.449288 1289.443299
310.699684 1288.061856
310.950108 1288.618557
311.200333 1285.892308
311.451349 1284.856410
311.702419 1292.020619
311.953568 1286.548718
312.204614 1287.592784
312.455008 1290.819588
312.705669 1287.989691
312.955884 1286.251282
313.207261 1291.061856
313.457953 1286.969072
313.708122 1287.752577
313.958260 1288.396907
314.208493 1285.548718
314.459634 1287.768041
314.709763 1287.335052
314.959981 1287.809278
315.210072 1288.778351
315.460514 1287.881443
315.710834 1289.036082
315.961204 1287.994845
316.211567 1289.087629
316.461914 1288.865979
316.712233 1287.015464
316.962464 1287.225641
317.213518 1289.010309
317.463998 1288.737113
317.714431 1287.494845
317.964534 1288.742268
318.215044 1288.819588
318.465410 1287.298969
318.715560 1289.097938
318.965948 1285.400000
319.217004 1287.319588
319.467164 1289.000000
319.717411 1290.438144
319.968202 1286.907692
320.219335 1287.989691
320.469820 1288.726804
320.720058 1288.561856
320.970407 1286.635897
321.221794 1287.343590
321.473101 1289.613402
321.723700 1288.386598
321.973852 1285.892308
322.225136 1288.201031
322.475213 1287.036082
322.725289 1289.979381
322.976077 1285.497436
323.226905 1289.721649
323.477410 1289.134021
323.728032 1287.644330
323.978051 1288.835052
324.228375 1285.810256
324.479725 1287.525773
324.729736 1286.256410
324.980910 1288.221649
325.231222 1286.323077
325.482402 1289.020619
325.733044 1288.376289
325.983129 1289.453608
326.233572 1288.149485
326.483897 1289.056701
326.734378 1285.484536
326.984438 1288.025773
327.234442 1287.592784
327.484597 1289.938144
327.735162 1286.051282
327.986251 1290.690722
328.237074 1287.231959
328.487146 1287.371134
328.737455 1289.695876
328.987898 1286.635897
329.239034 1289.809278
329.489682 1289.221649
329.740149 1290.690722
329.990991 1287.670103
330.241042 1288.056701
330.491241 1287.448454
330.741555 1286.933333
330.992762 1289.206186
331.243402 1285.682051
331.494255 1288.695876
331.744776 1291.623711
331.995438 1285.353846
332.246714 1289.443299
332.497011 1285.825641
332.748159 1289.484536
332.998790 1285.410256
333.249685 1288.685567
333.500047 1287.515464
333.750191 1286.335052
334.000215 1290.396907
334.250824 1284.738462
334.501607 1289.324742
334.752459 1287.282051
335.003569 1287.494845
335.253716 1288.520619
335.504097 1287.582474
335.754394 1287.538462
336.005676 1286.610256
336.257163 1288.726804
336.507314 1289.211340
336.757770 1288.226804
337.007998 1289.443299
337.258563 1287.041237
337.508719 1287.500000
337.758856 1288.515464
338.008955 1289.814433
338.259512 1285.307692
338.510681 1286.324742
338.760779 1288.845361
339.011108 1288.221649
339.261179 1288.061856
339.511467 1286.574359
339.762718 1291.814433
340.013710 1287.226804
340.263851 1288.840206
340.514391 1290.726804
340.765017 1288.943299
341.015379 1285.702564
341.266471 1287.695876
341.516722 1288.969072
341.767365 1288.407216
342.017439 1286.789744
342.268780 1290.943299
342.519500 1288.417526
342.769769 1287.891753
343.020056 1287.360825
343.270079 1286.927835
343.520119 1290.623711
343.770839 1284.656410
344.021706 1288.855670
344.271998 1288.072165
344.522414 1287.288660
344.772626 1288.036082
345.022836 1285.282051
345.273812 1288.350515
345.524046 1287.757732
345.774323 1289.020619
346.024915 1290.020619
346.275257 1284.307692
346.526253 1290.561856
346.777036 1286.020513
347.028126 1288.530928
347.278258 1287.438144
347.528586 1289.948454
347.779114 1286.603093
348.029154 1285.717949
348.280309 1287.907216
348.530416 1287.463918
348.780438 1285.928205
349.031715 1288.072165
349.281813 1285.984615
349.533032 1292.340206
349.784068 1287.541237
350.034373 1289.113402
350.284680 1290.314433
350.535235 1290.381443
350.786011 1287.525773
351.036303 1289.144330
351.286950 1285.984615
351.537782 1290.381443
351.788519 1287.711340
352.038861 1285.492308
352.289691 1289.737113
352.540269 1287.046392
352.790452 1291.221649
353.041362 1289.170103
353.291783 1285.948718
353.542925 1290.237113
353.793710 1289.206186
354.043912 1288.932990
354.294337 1286.405128
354.545524 1288.252577
354.796132 1287.538462
355.047363 1286.824742
355.297571 1287.323077
355.549072 1289.644330
355.799208 1288.855670
356.049650 1286.226804
356.299748 1289.417526
356.550370 1287.546392
356.800462 1286.230769
357.051429 1287.288660
357.301572 1287.278351
357.551768 1290.721649
357.802339 1289.865979
358.053090 1284.261538
358.304111 1289.113402
358.554382 1288.510309
358.804603 1290.206186
359.055298 1287.175258
359.305486 1287.376289
359.555790 1291.077320
359.806526 1287.237113
360.056624 1289.185567
360.306950 1284.933333
360.558008 1291.505155
360.808936 1288.520619
361.059177 1286.541237
361.309303 1288.391753
361.559514 1289.319588
361.809936 1289.701031
362.060701 1289.762887
362.311233 1288.134021
362.561744 1291.201031
362.812454 1287.530928
363.062491 1290.752577
363.313522 1287.148718
363.564694 1290.030928
363.815462 1288.860825
364.065845 1286.572165
364.315863 1287.706186
364.566025 1288.025773
364.816165 1287.804124
365.066543 1290.757732
365.317224 1288.268041
365.567583 1288.458763
365.817853 1289.164948
366.068242 1286.134021
366.318264 1285.764103
366.569414 1289.706186
366.819936 1289.989691
367.070396 1287.510309
367.320699 1289.587629
367.571350 1287.958763
367.821387 1289.953608
368.071945 1286.984536
368.322156 1287.623711
368.572199 1287.283505
368.822451 1285.943590
369.073407 1289.670103
369.324237 1286.005128
369.575186 1291.350515
369.826085 1287.412371
370.076318 1288.340206
370.326546 1286.594872
370.577818 1289.010309
370.828370 1286.579487
371.079671 1289.278351
371.329912 1288.273196
371.580330 1289.252577
371.830615 1287.726804
372.080912 1287.314433
372.331118 1288.278351
372.581520 1287.829897
372.831675 1289.932990
373.082208 1286.994845
373.332235 1290.355670
373.583060 1287.530928
373.833164 1288.170103
374.083445 1289.298969
374.333905 1287.881443
374.584130 1288.494845
374.834467 1286.133333
375.085674 1288.659794
375.336202 1286.933333
375.587385 1287.536082
375.837677 1289.953608
376.088216 1283.641026
376.338847 1290.541237
376.589739 1286.938144
376.839743 1288.752577
377.090139 1288.427835
377.340521 1285.748718
377.591557 1287.324742
377.841607 1289.180412
378.092027 1290.092784
378.342699 1284.307692
378.593738 1293.690722
378.844900 1287.865979
379.095067 1285.871795
379.346328 1288.932990
379.596535 1287.505155
379.846722 1290.515464
380.097447 1286.441026
380.348733 1288.881443
380.599075 1285.989744
380.850263 1287.556701
381.100487 1287.036082
381.350509 1289.618557
381.601078 1288.195876
381.851132 1287.747423
382.101506 1287.896907
382.351888 1289.391753
382.602366 1286.117949
382.853580 1291.087629
383.104362 1288.036082
383.354641 1285.071795
383.605596 1288.417526
383.855763 1288.608247
384.106400 1286.410256
384.357416 1285.774359
384.608831 1291.536082
384.859556 1286.287179
385.110716 1289.118557
385.361117 1288.963918
385.611479 1290.118557
385.862311 1285.984615
386.113530 1287.343590
386.364873 1287.876289
386.615047 1286.343590
386.866334 1291.077320
387.117086 1288.706186
387.367284 1288.958763
387.617723 1288.974227
387.868305 1286.520619
388.118328 1289.989691
388.368876 1285.646154
388.619783 1288.963918
388.870556 1291.231959
389.121267 1287.422680
389.371518 1288.500000
389.621976 1290.865979
389.872533 1285.061538
390.123548 1283.902564
390.374258 1290.288660
390.624995 1286.841026
390.876297 1288.659794
391.126747 1287.551546
391.376890 1287.345361
391.626944 1289.432990
391.877522 1289.886598
392.128011 1287.994845
392.378228 1288.242268
392.628619 1287.144330
392.878718 1290.603093
393.129437 1286.117949
393.380552 1288.500000
393.631071 1290.025773
393.881545 1285.748718
394.132638 1285.061538
394.383797 1288.072165
394.634135 1291.092784
394.884844 1290.149485
395.135410 1286.386598
395.385501 1287.690722
395.635786 1291.273196
395.886660 1287.246154
396.137913 1285.307692
396.389138 1290.953608
396.639738 1288.355670
396.890059 1287.479381
397.140161 1288.505155
397.390508 1288.350515
397.640847 1287.902062
397.891085 1284.374359
398.142016 1288.500000
398.392305 1290.474227
398.642932 1291.829897
398.893874 1287.221649
399.144051 1287.577320
399.394282 1288.092784
399.644556 1290.943299
399.895352 1287.623711
400.145518 1288.886598
400.395925 1285.912371
400.645933 1289.654639
400.896388 1287.391753
401.146463 1286.881443
401.396553 1285.656410
401.647688 1287.608247
401.898001 1290.840206
402.148619 1287.500000
402.398836 1289.015464
402.649289 1291.711340
402.900032 1287.237113
403.150476 1287.707692
403.401755 1287.489691
403.651822 1288.000000
403.902434 1286.912821
404.153543 1287.979381
404.403716 1288.422680
404.653978 1287.809278
404.904281 1289.283505
405.154674 1289.577320
405.405458 1287.360825
405.655594 1288.628866
405.905782 1286.417526
406.155812 1288.618557
406.406052 1285.520619
406.656127 1290.216495
406.906629 1285.574359
407.157636 1289.639175
407.408151 1287.644330
407.658344 1288.994845
407.908819 1287.474227
408.158951 1287.762887
408.409075 1288.515464
408.659460 1289.329897
408.910011 1290.025773
409.160641 1288.845361
409.411082 1286.194872
409.662232 1289.376289
409.912670 1288.365979
410.162938 1286.726804
410.413079 1287.835052
410.663148 1286.546392
410.913195 1288.412371
411.163549 1287.154639
411.413732 1287.097938
411.663798 1287.304124
411.913889 1288.855670
412.164257 1287.051546
412.414324 1286.102564
412.665440 1289.298969
412.916000 1288.422680
413.166298 1287.134021
413.416600 1288.216495
413.666713 1287.293814
413.916888 1291.515464
414.167795 1290.123711
414.418219 1286.649485
414.668618 1293.051546
414.919556 1283.564103
415.170467 1286.400000
415.421417 1286.675258
415.671654 1289.371134
415.922092 1287.618557
416.172161 1285.561856
416.422238 1291.762887
416.672890 1288.762887
416.923205 1285.938144
417.173344 1288.180412
417.423519 1286.343590
417.674796 1292.082474
417.925713 1287.907216
418.176132 1289.427835
418.426566 1288.804124
418.677007 1287.067010
418.927110 1287.319588
419.177326 1285.410256
419.428334 1288.948454
419.678829 1288.618557
419.929074 1290.123711
420.179766 1287.082474
420.429995 1285.128205
420.681011 1291.242268
420.931620 1287.386598
421.181833 1286.338462
421.433132 1289.515464
421.683732 1290.654639
421.934303 1286.963918
422.184467 1287.273196
422.434722 1289.386598
422.685181 1287.381443
422.935192 1288.314433
423.185441 1291.139175
423.436232 1286.953608
423.686498 1289.386598
423.937041 1288.324742
424.187467 1287.215385
424.438550 1287.922680
424.688893 1290.170103
424.939583 1285.425641
425.190602 1288.159794
425.440794 1286.355670
425.690971 1287.422680
425.941022 1289.567010
426.191405 1286.400000
426.442657 1288.072165
426.692855 1287.278351
426.943062 1291.077320
427.193890 1286.092308
427.445120 1287.371134
427.695151 1290.551546
427.945938 1284.810256
428.196795 1285.928205
428.447914 1288.891753
428.698534 1289.597938
428.949088 1287.896907
429.199264 1290.577320
429.450021 1286.610256
429.701244 1292.041237
429.952104 1286.005128
430.203291 1288.510309
430.453759 1288.097938
430.703971 1286.876289
430.953982 1289.201031
431.204444 1288.128866
431.454829 1294.176166
431.704868 1288.515464
431.955221 1289.587629
432.205738 1286.871134
432.455806 1288.824742
432.706419 1284.748718
432.957193 1288.845361
433.207672 1287.262887
433.457734 1287.340206
433.707919 1288.417526
433.958050 1286.092784
434.208210 1289.407216
434.458713 1288.912371
434.709099 1287.675258
434.959473 1288.762887
435.209596 1289.716495
435.460164 1287.716495
435.710294 1288.231959
435.960565 1287.288660
436.210585 1287.695876
436.460971 1286.282051
436.712016 1292.737113
436.963188 1286.489691
437.213322 1289.994845
437.463711 1287.865979
437.713966 1288.577320
437.964373 1290.494845
438.215366 1284.092308
438.466121 1287.711340
438.716186 1285.589744
438.967427 1290.422680
439.218099 1288.097938
439.468358 1289.798969
439.718860 1287.675258
439.969088 1290.438144
440.219895 1291.252577
440.470616 1285.805128
440.721688 1291.706186
440.972610 1288.690722
441.223072 1287.824742
441.473316 1289.329897
441.723763 1288.793814
441.974360 1285.717949
442.225172 1290.628866
442.475904 1287.469072
442.726030 1286.117949
442.977267 1288.371134
443.227502 1287.469072
443.477594 1286.333333
443.728912 1291.015464
443.979555 1285.800000
444.230754 1290.252577
444.481436 1289.675258
444.731993 1288.644330
444.982333 1285.994845
445.232384 1290.051546
445.482915 1287.958763
445.733012 1289.041237
445.983452 1288.628866
446.233856 1290.268041
446.484570 1286.558974
446.735894 1288.056701
446.985931 1290.675258
447.236716 1289.958763
447.487278 1288.103093
447.737504 1288.329897
447.987776 1286.809278
448.237809 1290.639175
448.488763 1290.515464
448.739241 1284.779487
448.990299 1290.407216
449.240916 1285.830769
449.492148 1291.742268
449.742924 1286.567010
449.992926 1292.097938
450.243904 1285.517949
450.495064 1288.798969
450.745495 1288.675258
450.995706 1289.742268
451.246323 1288.211340
451.496564 1289.257732
451.747019 1290.226804
451.997792 1287.618557
452.247835 1287.355670
452.498043 1287.731959
452.748111 1288.144330
452.998416 1288.613402
453.248795 1289.984536
453.499359 1288.226804
453.749705 1289.788660
454.000273 1288.329897
454.250559 1286.814433
454.500593 1286.523077
454.751719 1288.793814
455.002263 1288.536082
455.252397 1288.876289
455.502846 1291.103093
455.753609 1285.435897
456.004808 1287.628866
456.254949 1285.102564
456.505912 1290.371134
456.756443 1286.102564
457.007662 1288.876289
457.258082 1294.419689
457.508299 1284.897436
457.759044 1289.701031
458.009755 1287.546392
458.259846 1286.360825
458.509950 1292.814433
458.760959 1283.646154
459.011795 1288.737113
459.262077 1284.928205
459.513076 1290.360825
459.763749 1291.510309
460.014470 1287.082474
460.264663 1289.355670
460.515102 1286.538462
460.766455 1291.154639
461.017067 1284.805128
461.268085 1289.340206
461.518683 1290.113402
461.769118 1289.469072
462.019874 1287.066667
462.270964 1286.948454
462.521187 1290.108247
462.771502 1284.220513
463.022432 1289.680412
463.273007 1286.685567
463.523014 1288.551546
463.773322 1290.783505
464.023918 1284.584615
464.274847 1291.639175
464.525890 1285.676923
464.777008 1288.927835
465.027393 1285.733333
465.278337 1291.489691
465.529438 1286.717949
465.780429 1289.304124
466.031168 1289.262887
466.281521 1288.479381
466.531671 1289.164948
466.782358 1287.180412
467.032437 1287.175258
467.282438 1287.587629
467.532567 1287.628866
467.782743 1288.396907
468.033267 1287.082474
468.283277 1287.489691
468.533511 1289.195876
468.783713 1285.497436
469.034996 1286.594872
469.286177 1290.541237
469.536887 1292.226804
469.787938 1287.634021
470.038208 1289.422680
470.288548 1286.358974
470.539789 1288.293814
470.790268 1288.860825
471.040558 1289.118557
471.290921 1287.164948
471.541125 1288.005155
471.791202 1286.216495
472.041331 1288.551546
472.291549 1286.733333
472.542715 1291.752577
472.793872 1288.087629
473.043912 1289.242268
473.294401 1287.974227
473.544589 1288.123711
473.794900 1287.902062
474.045242 1286.748718
474.296261 1285.582474
474.546364 1286.107692
474.797408 1286.800000
475.048841 1290.912371
475.299369 1287.948454
475.549730 1290.036082
475.800494 1286.358974
476.051469 1290.804124
476.302400 1285.805128
476.553305 1289.639175
476.804051 1288.103093
477.054149 1287.015464
477.304259 1292.634021
477.555419 1286.651282
477.806607 1288.309278
478.056873 1291.417526
478.307819 1287.226804
478.557912 1288.061856
478.807912 1286.195876
479.057997 1288.747423
479.308500 1289.819588
479.558907 1288.293814
479.809216 1288.103093
480.059417 1288.010309
480.309725 1287.711340
480.560123 1287.697436
480.811327 1288.108247
481.061648 1288.355670
481.312104 1288.314433
481.562219 1291.644330
481.813245 1286.369231
482.064391 1290.010309
482.315133 1289.958763
482.565563 1288.247423
482.815986 1289.664948
483.066373 1287.561856
483.316502 1288.912371
483.567185 1288.237113
483.817218 1286.742268
484.067337 1289.113402
484.317792 1287.469072
484.567931 1288.355670
484.818413 1287.793814
485.068426 1286.758974
485.319969 1290.226804
485.570351 1289.231959
485.820899 1289.221649
486.071183 1285.512821
486.322310 1288.082474
486.572676 1287.664948
486.822817 1289.350515
487.073247 1287.195876
487.323311 1288.288660
487.573522 1290.097938
487.824436 1287.066667
488.075574 1287.314433
488.325833 1286.574359
488.576951 1286.943299
488.827123 1291.463918
489.077922 1285.917949
489.329267 1289.170103
489.579525 1287.577320
489.829623 1286.046392
490.079626 1288.448454
490.329990 1286.451282
490.581305 1291.154639
490.831992 1289.113402
491.082403 1286.350515
491.332521 1287.912371
491.582587 1287.814433
491.832887 1290.118557
492.083409 1287.030928
492.333573 1288.298969
492.584097 1287.702564
492.835294 1285.690722
493.085323 1289.778351
493.335695 1287.304124
493.585735 1288.881443
493.836355 1288.288660
494.086443 1286.329897
494.336463 1287.958763
494.586564 1285.194872
494.837576 1289.268041
495.088049 1287.994845
495.338402 1288.644330
495.588887 1288.829897
495.838937 1286.417526
496.089006 1289.221649
496.339595 1286.005128
496.590675 1290.000000
496.841461 1287.035897
497.092608 1285.358974
497.343850 1289.118557
497.593942 1287.963918
497.844377 1287.597938
498.094493 1286.133333
498.345700 1289.479381
498.596243 1286.969072
498.846252 1287.695876
499.096439 1287.814433
499.346571 1286.517949
499.598021 1287.748718
499.849214 1288.773196
500.099741 1286.517949
500.351028 1287.185567
500.601197 1289.917526
500.851645 1288.783505
501.101964 1286.143590
501.353116 1287.958763
501.603309 1289.015464
501.853756 1288.164948
502.104112 1289.654639
502.354629 1288.994845
502.605124 1291.773196
502.855853 1285.317949
503.107031 1289.257732
503.357457 1287.175258
503.607518 1288.525773
503.857708 1286.494845
504.107743 1289.536082
504.358303 1287.489691
504.608512 1286.035897
504.859674 1283.964103
505.110384 1287.458763
505.360593 1288.572165
505.610800 1290.891753
505.861542 1286.742268
506.111567 1287.958763
506.362009 1288.804124
506.612322 1291.041237
506.863004 1287.422680
507.113202 1287.860825
507.363409 1284.912821
507.614490 1289.649485
507.864935 1287.180412
508.115005 1287.840206
508.365055 1288.108247
508.615226 1290.474227
508.866263 1287.676923
509.117478 1286.451282
509.368869 1290.056701
509.619267 1286.989691
509.869602 1290.855670
510.120334 1287.762887
510.370425 1288.123711
510.620786 1287.891753
510.870918 1289.164948
511.121178 1287.273196
511.371340 1289.469072
511.622022 1291.293814
511.872814 1287.015385
512.124029 1288.154639
512.374525 1287.605128
512.625684 1287.907216
512.876075 1288.448454
513.126315 1289.974227
513.376988 1287.711340
513.627092 1288.082474
513.877346 1286.615385
514.128705 1288.231959
514.378982 1286.928205
514.630149 1286.649485
514.880176 1287.304124
515.130235 1287.273196
515.380511 1289.752577
515.630895 1289.005155
515.881251 1287.716495
516.131453 1289.355670
516.381882 1286.041237
516.632025 1287.190722
516.882099 1288.984536
517.132243 1288.788660
517.382669 1289.525773
517.633216 1288.407216
517.883570 1286.015385
518.134727 1283.276923
518.385391 1290.438144
518.635942 1289.051546
518.886535 1288.386598
519.136665 1288.262887
519.386892 1286.530928
519.637005 1290.664948
519.887839 1287.276923
520.139127 1287.639175
520.389397 1288.567010
520.639552 1287.556701
520.889830 1289.396907
521.140303 1287.427835
521.390398 1289.221649
521.640748 1287.128866
521.890836 1288.443299
522.141318 1288.525773
522.391489 1286.443299
522.641565 1288.572165
522.891945 1289.067010
523.142185 1286.835052
523.392381 1288.288660
523.642429 1286.381443
523.892440 1288.309278
524.142668 1287.958763
524.392916 1291.757732
524.643862 1289.422680
524.894438 1287.051546
525.144665 1287.242268
525.394700 1288.381443
525.644864 1288.164948
525.895186 1289.000000
526.145590 1288.237113
526.395990 1288.144330
526.646117 1288.695876
526.896499 1288.654639
527.146946 1290.288660
527.397501 1284.676923
527.648591 1289.139175
527.898903 1286.845361
528.148950 1288.489691
528.399197 1287.185567
528.649263 1290.659794
528.900101 1289.237113
529.150521 1286.323077
529.401846 1291.597938
529.652779 1288.010309
529.902912 1288.484536
530.153133 1288.515464
530.403456 1289.536082
530.654361 1288.469072
530.904496 1289.494845
531.154981 1290.628866
531.405603 1288.391753
531.655883 1287.324742
531.906020 1287.902062
532.156249 1290.546392
532.407032 1289.525773
532.657501 1288.134021
532.907923 1290.087629
533.158403 1287.159794
533.408457 1287.371134
533.658621 1290.438144
533.909269 1287.427835
534.159488 1287.891753
534.409686 1286.613402
534.659744 1287.082051
534.911005 1287.649485
535.161133 1289.804124
535.411648 1286.989691
535.661890 1288.757732
535.912186 1286.538462
536.163381 1289.417526
536.413952 1289.417526
536.664587 1287.690722
536.914666 1288.128866
537.164860 1290.608247
537.415587 1286.984536
537.665680 1290.201031
537.916437 1288.041237
538.166570 1286.974227
538.416653 1286.743590
538.667987 1288.216495
538.918127 1290.407216
539.168833 1287.391753
539.419015 1290.567010
539.669787 1287.494845
539.919836 1289.216495
540.170260 1287.551546
540.420458 1287.664948
540.670565 1289.458763
540.921217 1289.092784
541.171582 1287.479381
541.421938 1289.500000
541.672450 1286.835897
541.923669 1289.469072
542.174016 1287.567010
542.424089 1286.768041
542.674359 1287.829897
542.924465 1288.891753
543.174947 1288.422680
543.425080 1288.067010
543.675314 1292.829016
543.925342 1288.788660
544.175573 1286.179487
544.426749 1289.675258
544.677661 1289.087629
544.927901 1287.783505
545.178166 1289.628866
545.428510 1289.314433
545.679003 1290.056701
545.929831 1285.297436
546.180563 1287.932990
546.431009 1287.726804
546.681160 1287.046154
546.932565 1286.641026
547.183660 1289.170103
547.434061 1288.206186
547.684381 1288.154639
547.934567 1290.567010
548.185606 1286.087179
548.436530 1288.097938
548.686973 1289.309278
548.937324 1286.061538
549.188639 1286.605128
549.439761 1286.276923
549.691042 1288.479381
549.941257 1285.492308
550.192278 1289.680412
550.443051 1289.453608
550.693276 1288.541237
550.943749 1287.432990
551.193805 1286.489691
551.443944 1288.974227
551.694330 1288.902062
551.944722 1286.938144
552.194901 1288.912371
552.444984 1285.757732
552.695056 1291.278351
552.945766 1288.273196
553.195926 1285.405128
553.446958 1288.912371
553.697506 1288.438144
553.947665 1289.134021
554.198243 1285.692308
554.449319 1289.417526
554.699887 1288.298969
554.949949 1289.623711
555.200745 1287.582474
555.450783 1287.206186
555.700869 1288.742268
555.951124 1288.185567
556.201433 1289.237113
556.451891 1287.180412
556.702057 1287.546392
556.952169 1287.994845
557.202432 1287.556701
557.452608 1289.025773
557.703009 1289.407216
557.953569 1285.943590
558.204691 1289.432990
558.455106 1287.510309
558.705293 1287.479381
558.955467 1289.871134
559.206144 1286.487179
559.457245 1288.943299
559.707651 1289.072165
559.958085 1287.783505
560.208418 1287.670103
560.458478 1287.711340
560.708657 1291.505155
560.959522 1288.000000
561.209801 1288.701031
561.460204 1288.634021
561.710595 1288.139175
561.960850 1286.282051
562.212067 1289.963918
562.462551 1288.494845
562.713001 1287.510309
562.963051 1288.221649
563.213287 1288.314433
563.463601 1287.092784
563.713762 1289.798969
563.964403 1288.350515
564.214599 1289.840206
564.465373 1290.989691
564.715980 1287.814433
564.966334 1291.211340
565.216992 1285.758974
565.468162 1289.118557
565.718755 1287.400000
565.970026 1289.304124
566.220391 1288.175258
566.470723 1289.742268
566.721405 1288.649485
566.971752 1287.309278
567.221758 1288.932990
567.472136 1287.097938
567.722242 1287.520619
567.972589 1290.319588
568.223245 1289.618557
568.473548 1288.865979
568.724182 1287.886598
568.974305 1288.056701
569.224421 1290.237113
569.475161 1286.989691
569.725219 1288.927835
569.975653 1286.323077
570.226721 1286.443299
570.476850 1287.530928
570.726868 1288.391753
570.977213 1288.056701
571.227487 1286.784615
571.478742 1287.850515
571.729020 1289.721649
571.979428 1284.938462
572.230547 1286.757732
572.480553 1289.721649
572.730979 1289.891753
572.981524 1288.407216
573.231854 1290.345361
573.482563 1287.902062
573.732763 1286.376289
573.982786 1288.912371
574.233249 1288.015464
574.483451 1289.247423
574.733922 1289.237113
574.984319 1285.164103
575.235526 1287.912371
575.485639 1288.793814
575.735950 1288.365979
575.986303 1287.757732
576.236381 1289.108247
576.486957 1287.438144
576.737250 1291.396907
576.987866 1288.206186
577.238232 1289.737113
577.488674 1288.159794
577.739065 1291.489691
577.989800 1288.180412
578.240092 1291.257732
578.490985 1285.912821
578.742216 1290.128866
578.992924 1288.706186
579.243059 1286.824742
579.493215 1290.479381
579.743826 1285.676923
579.994893 1289.381443
580.245469 1288.268041
580.495743 1287.304124
580.745934 1291.592784
580.996639 1286.425641
581.247861 1287.881443
581.498196 1287.309278
581.748239 1289.350515
581.998849 1288.283505
582.248899 1288.123711
582.499265 1288.371134
582.749476 1289.092784
582.999943 1290.685567
583.250832 1289.025773
583.501139 1287.030928
583.751264 1293.414508
584.001285 1287.381443
584.251293 1285.333333
584.502446 1289.922680
584.752812 1288.278351
585.003336 1291.505155
585.253951 1285.558974
585.505210 1290.639175
585.755772 1287.469072
586.005940 1285.707692
586.257188 1288.190722
586.507269 1288.551546
586.757823 1290.056701
587.008295 1286.210256
587.259439 1289.742268
587.510137 1289.087629
587.760526 1286.298969
588.010581 1290.520619
588.261074 1286.340206
588.511208 1288.484536
588.761415 1286.675258
589.011479 1287.194872
589.262744 1288.360825
589.513007 1287.551546
589.763287 1290.386598
590.013976 1286.035897
590.264986 1288.293814
590.515280 1289.010309
590.765853 1289.695876
591.016216 1289.010309
591.266665 1287.927835
591.516891 1288.051546
591.767290 1287.809278
592.017342 1285.543590
592.268612 1287.292308
592.519808 1289.505155
592.770441 1291.556701
593.021258 1287.319588
593.271504 1287.948454
593.521669 1288.556701
593.771842 1286.628866
594.021911 1289.484536
594.272380 1288.376289
594.522862 1289.345361
594.773345 1287.082051
595.024517 1288.567010
595.274998 1287.943299
595.525059 1287.469072
595.775346 1291.613402
596.026193 1286.500000
596.276203 1285.630769
596.527276 1288.793814
596.777708 1288.974227
597.027938 1287.979381
597.278134 1287.577320
597.528496 1291.175258
597.779211 1286.723077
598.030391 1289.164948
598.281085 1288.221649
598.531126 1287.438144
598.781291 1287.551546
599.031410 1286.343590
599.282581 1289.103093
599.533003 1289.345361
599.783553 1287.690722
-----------------------------------
MEMD, exp2_memcached_out, 4637234.000000, 39.000000, 1292.161622, 195.090951, 1275.000000, 1516.000000, 2226.767000, 9719.276700, 35767.000000, 1306.806030, 871.283536
