0.000000 1230.157635
0.250187 1287.649485
0.500404 1289.469072
0.750815 1282.471795
1.001350 1287.376289
1.251567 1288.164948
1.501854 1289.376289
1.752476 1285.579487
2.003390 1291.479381
2.254612 1287.251282
2.505702 1291.206186
2.756716 1288.938144
3.007000 1286.850515
3.257176 1289.541237
3.507490 1286.343590
3.758914 1289.958763
4.009436 1285.333333
4.260419 1285.492308
4.511612 1293.623711
4.762975 1284.225641
5.013582 1289.144330
5.263914 1285.716495
5.514164 1291.587629
5.764829 1285.184615
6.015837 1286.783505
6.265950 1287.298969
6.516098 1290.927835
6.766694 1284.887179
7.017644 1285.979381
7.267653 1288.510309
7.517925 1288.695876
7.768139 1289.149485
8.018616 1289.175258
8.269156 1293.730570
8.519250 1291.871134
8.770334 1285.297436
9.021287 1284.923077
9.272176 1287.932990
9.522485 1290.082474
9.773155 1288.164948
10.023466 1292.201031
10.274343 1282.902564
10.524747 1283.456410
10.775536 1287.412371
11.025549 1288.829897
11.276043 1280.127551
11.527383 1290.572165
11.778101 1288.293814
12.028328 1289.314433
12.278913 1293.072165
12.530028 1290.639175
12.780988 1286.630769
13.032161 1289.149485
13.282635 1285.123077
13.533688 1289.608247
13.784097 1287.670103
14.034485 1286.507692
14.285454 1286.381443
14.535550 1289.896907
14.786100 1289.680412
15.036556 1289.293814
15.287054 1286.246154
15.538265 1289.082474
15.788843 1286.933333
16.040105 1286.922680
16.290193 1289.164948
16.540657 1286.805128
16.791794 1285.907216
17.041842 1287.283505
17.292068 1289.969072
17.542510 1290.386598
17.793130 1288.051546
18.043377 1287.644330
18.293667 1286.768041
18.543678 1290.922680
18.794516 1283.835897
19.045009 1287.680412
19.295331 1289.335052
19.545828 1291.422680
19.796819 1286.902564
20.048008 1290.778351
20.298861 1287.283505
20.548934 1289.170103
20.799328 1286.235897
21.050447 1288.056701
21.300684 1289.180412
21.551195 1292.603093
21.802261 1285.415385
22.053349 1287.000000
22.303530 1287.379487
22.554841 1289.845361
22.805468 1291.530928
23.056165 1286.824742
23.306174 1286.283505
23.556241 1287.056701
23.806271 1287.701031
24.056558 1286.892308
24.307592 1285.994872
24.558852 1289.618557
24.809260 1288.067010
25.059480 1288.097938
25.309774 1289.092784
25.560204 1287.675258
25.810512 1288.592784
26.060638 1286.235897
26.312042 1288.046392
26.562262 1288.840206
26.812310 1285.041237
27.062329 1288.489691
27.312383 1283.979487
27.563245 1292.773196
27.814294 1287.494845
28.064463 1288.030928
28.314662 1284.574359
28.565521 1291.211340
28.816481 1287.731959
29.066574 1288.551546
29.316906 1288.716495
29.567441 1292.154639
29.818280 1288.587629
30.068796 1288.530928
30.318875 1289.036082
30.569575 1289.989691
30.820093 1283.256410
31.070490 1286.871134
31.320663 1291.005155
31.571483 1287.716495
31.821784 1290.005155
32.072260 1285.246154
32.323314 1290.355670
32.573971 1288.195876
32.824173 1286.579487
33.075448 1288.515464
33.325779 1284.948718
33.576622 1288.804124
33.826906 1287.974227
34.077236 1292.221649
34.328251 1288.180412
34.578611 1286.592784
34.828636 1288.412371
35.078766 1285.728205
35.330049 1287.396907
35.580146 1290.458763
35.830658 1288.386598
36.081032 1287.613402
36.331195 1286.840206
36.581236 1291.185567
36.832138 1288.618557
37.082506 1286.938144
37.332516 1289.077320
37.582759 1289.072165
37.833398 1289.242268
38.083770 1287.345361
38.333967 1289.345361
38.584373 1286.840206
38.834382 1290.015464
39.085233 1290.881443
39.335846 1286.133333
39.587003 1289.840206
39.837724 1289.432990
40.088093 1288.804124
40.338675 1286.728205
40.589744 1290.118557
40.840640 1289.835052
41.091110 1289.469072
41.341701 1289.345361
41.592174 1286.646154
41.843351 1289.061856
42.093906 1288.123711
42.344010 1288.685567
42.594606 1288.185567
42.844773 1287.711340
43.094842 1288.309278
43.345208 1286.912821
43.596448 1292.742268
43.847792 1289.391753
44.098012 1285.492308
44.349140 1286.432990
44.599218 1290.731959
44.850003 1289.773196
45.100400 1287.195876
45.350452 1288.252577
45.600856 1286.353846
45.851944 1288.530928
46.102337 1289.128866
46.352856 1289.242268
46.603265 1287.829897
46.853320 1285.928205
47.104671 1286.430769
47.355682 1290.000000
47.606400 1290.443299
47.857122 1288.453608
48.107275 1284.938462
48.358290 1289.448454
48.608750 1288.484536
48.859249 1289.417526
49.109662 1290.164948
49.360224 1285.343590
49.611386 1294.196891
49.861481 1286.907216
50.111575 1288.247423
50.361751 1289.278351
50.612195 1291.654639
50.863153 1285.435897
51.114198 1289.278351
51.364881 1289.561856
51.615377 1290.005155
51.865914 1288.201031
52.116297 1289.345361
52.366732 1286.283505
52.616747 1289.051546
52.867007 1288.128866
53.117088 1289.525773
53.367774 1286.466667
53.619101 1290.742268
53.869923 1287.082051
54.121114 1286.417526
54.371233 1288.989691
54.621628 1286.764103
54.872909 1290.402062
55.123455 1284.882051
55.374325 1289.659794
55.624827 1289.201031
55.875329 1287.721649
56.125708 1289.324742
56.375931 1288.469072
56.626334 1288.757732
56.876687 1290.932990
57.127453 1286.389744
57.378851 1287.148718
57.630003 1287.077320
57.880307 1289.324742
58.130627 1286.589744
58.381814 1287.768041
58.632018 1288.907216
58.882546 1290.742268
59.133310 1288.474227
59.383340 1284.000000
59.634058 1285.794872
59.885150 1288.608247
60.135558 1286.773196
60.385721 1288.288660
60.635960 1289.396907
60.886389 1293.217617
61.136448 1290.546392
61.387212 1288.634021
61.637581 1289.974227
61.888022 1285.384615
62.139166 1288.371134
62.389381 1288.371134
62.639633 1288.922680
62.890113 1287.618557
63.140385 1285.574359
63.391555 1290.139175
63.641905 1287.154639
63.892017 1289.695876
64.142558 1290.082474
64.393139 1290.613402
64.643937 1288.778351
64.894266 1285.271795
65.145633 1286.964103
65.396637 1288.345361
65.646877 1288.587629
65.897246 1287.989691
66.147545 1287.613402
66.397826 1288.350515
66.647914 1285.635897
66.899110 1293.015464
67.150259 1288.860825
67.400580 1291.520619
67.651477 1287.438144
67.901550 1286.268041
68.151686 1285.538462
68.402513 1289.030928
68.652968 1289.572165
68.903536 1293.097938
69.154634 1288.185567
69.405032 1292.051546
69.656120 1289.087629
69.906491 1287.809278
70.156560 1284.902564
70.407747 1288.185567
70.657881 1288.567010
70.908122 1290.319588
71.158918 1288.587629
71.409050 1286.835052
71.659376 1289.134021
71.909655 1290.438144
72.160400 1288.706186
72.410766 1290.974227
72.661577 1289.546392
72.912223 1290.422680
73.162974 1285.615385
73.414069 1286.415385
73.665056 1290.077320
73.915790 1293.139175
74.166926 1286.737113
74.416961 1289.551546
74.667468 1291.237113
74.918290 1289.051546
75.169038 1286.753846
75.420157 1288.840206
75.670284 1288.190722
75.920808 1288.206186
76.170973 1290.438144
76.421539 1287.077320
76.671723 1288.469072
76.922116 1291.912371
77.172962 1286.948454
77.423206 1292.881443
77.674240 1287.231959
77.924315 1289.252577
78.174747 1288.128866
78.424996 1288.768041
78.675551 1289.350515
78.925783 1283.466667
79.176627 1286.605128
79.428079 1287.538462
79.679234 1288.742268
79.929622 1289.541237
80.180182 1282.861538
80.430651 1293.642487
80.680669 1284.589744
80.931567 1287.036082
81.181768 1285.882051
81.432712 1287.783505
81.683005 1291.046392
81.933568 1283.697436
82.184322 1290.345361
82.435080 1287.159794
82.685160 1287.072165
82.935232 1286.748718
83.186401 1290.371134
83.437236 1289.175258
83.687536 1287.690722
83.937714 1287.783505
84.188115 1286.246154
84.439233 1291.051546
84.690003 1289.824742
84.940307 1283.764103
85.191265 1287.974227
85.441289 1290.139175
85.691966 1288.298969
85.942401 1286.810256
86.193710 1286.764103
86.444971 1283.800000
86.695632 1288.835052
86.945906 1288.912371
87.196292 1287.577320
87.446464 1290.180412
87.697170 1286.646154
87.948421 1290.041237
88.199010 1290.201031
88.449576 1284.979487
88.700563 1287.597938
88.950889 1290.726804
89.201473 1287.458763
89.451709 1288.407216
89.702054 1290.360825
89.952631 1288.283505
90.202857 1287.819588
90.452992 1292.123711
90.704112 1290.412371
90.954876 1288.902062
91.205164 1284.543590
91.456059 1291.247423
91.706878 1289.664948
91.957278 1288.484536
92.207769 1289.046392
92.458043 1285.964103
92.709275 1289.530928
92.959792 1286.579487
93.210893 1288.819588
93.461384 1291.407216
93.712212 1286.819588
93.962277 1289.840206
94.212902 1290.628866
94.463555 1288.881443
94.714092 1290.371134
94.964582 1285.420513
95.215727 1288.762887
95.466115 1286.025641
95.717315 1288.015464
95.967523 1290.814433
96.218189 1288.072165
96.468390 1290.391753
96.719064 1285.005128
96.969970 1289.005155
97.220551 1286.697436
97.471979 1287.246154
97.723163 1285.379487
97.974144 1288.752577
98.224489 1285.553846
98.475808 1296.507772
98.726134 1288.417526
98.976468 1289.840206
99.227084 1291.438144
99.477884 1287.231959
99.727925 1287.469072
99.978179 1289.628866
100.228601 1286.685567
100.478611 1287.618557
100.728726 1288.412371
100.979058 1290.128866
101.229726 1288.175258
101.479899 1290.546392
101.730746 1289.139175
101.981293 1288.902062
102.231594 1288.144330
102.481895 1290.556701
102.732574 1288.994845
102.982994 1291.891753
103.233912 1284.056410
103.484735 1286.153846
103.736011 1285.769231
103.987056 1288.778351
104.237251 1286.133333
104.488555 1290.067010
104.739007 1289.432990
104.989708 1292.257732
105.240584 1284.769231
105.491512 1289.927835
105.742312 1287.097436
105.993570 1290.716495
106.244329 1285.994872
106.495367 1288.953608
106.745889 1288.463918
106.996134 1287.350515
107.246359 1286.605128
107.497578 1290.324742
107.748191 1291.262887
107.999107 1288.432990
108.249408 1290.175258
108.500089 1288.268041
108.750285 1289.886598
109.000939 1289.067010
109.251359 1288.871134
109.501882 1290.644330
109.752412 1285.861538
110.003695 1294.067358
110.253732 1290.056701
110.504284 1285.963918
110.754518 1287.912821
111.005709 1287.448454
111.255825 1290.886598
111.506586 1287.164948
111.756716 1286.371134
112.006730 1285.641026
112.257739 1289.226804
112.508335 1294.015464
112.759526 1287.061856
113.009573 1287.804124
113.259807 1285.912821
113.510804 1291.319588
113.761768 1287.917526
114.012039 1290.056701
114.262710 1286.882051
114.513945 1288.402062
114.764228 1288.881443
115.014663 1285.584615
115.265865 1287.840206
115.516091 1291.134021
115.766761 1287.257732
116.017005 1294.180412
116.268188 1284.148718
116.519196 1289.154639
116.769458 1288.097938
117.019817 1288.798969
117.270353 1288.505155
117.520385 1287.577320
117.770731 1289.706186
118.021094 1289.139175
118.271559 1286.338462
118.522995 1287.164103
118.774215 1286.271795
119.025563 1288.427835
119.275617 1283.702564
119.526440 1289.185567
119.776742 1284.379487
120.027756 1291.025773
120.278574 1285.882051
120.529667 1286.964103
120.780937 1290.690722
121.031745 1289.206186
121.282174 1288.020619
121.532328 1289.314433
121.782802 1287.298969
122.033050 1288.896907
122.283476 1286.194872
122.534620 1289.835052
122.785186 1288.293814
123.035607 1289.731959
123.286216 1287.577320
123.536252 1290.587629
123.786885 1287.072165
124.036933 1292.695876
124.288050 1288.520619
124.538614 1287.333333
124.789861 1287.984536
125.040147 1290.896907
125.290919 1287.298969
125.540994 1286.046154
125.792075 1287.829897
126.042299 1289.092784
126.292767 1289.835052
126.543336 1289.902062
126.793987 1289.592784
127.044559 1287.623711
127.294753 1290.835052
127.545359 1290.025773
127.796176 1289.268041
128.046630 1292.840206
128.297774 1286.789744
128.548949 1289.159794
128.799520 1288.381443
129.049716 1290.948454
129.300656 1286.651282
129.551793 1612.316129
129.805060 1381.300546
130.055211 1286.143590
130.306166 1288.005155
130.556517 1284.292308
130.807427 1288.206186
131.057655 1288.118557
131.307998 1289.840206
131.558225 1286.824742
131.808278 1283.820513
132.059164 1290.242268
132.309800 1285.958974
132.561021 1287.415385
132.812265 1290.056701
133.062854 1289.231959
133.313526 1288.484536
133.563648 1289.030928
133.814070 1288.907216
134.064417 1284.738462
134.315572 1290.731959
134.566220 1288.742268
134.816570 1289.474227
135.067108 1289.046392
135.317582 1286.082051
135.568618 1286.474227
135.818879 1291.216495
136.069835 1288.170103
136.319897 1285.958763
136.569933 1285.779487
136.821084 1288.891753
137.071448 1289.051546
137.322001 1287.912371
137.572022 1288.396907
137.822661 1779.141844
138.073689 1285.923077
138.324930 1286.825641
138.576134 1285.235897
138.827103 1289.489691
139.077626 1286.061538
139.328689 1292.695876
139.579991 1288.020619
139.830104 1287.494845
140.080279 1285.071795
140.331164 1290.005155
140.581959 1288.257732
140.832132 1289.010309
141.082418 1286.896907
141.332580 1287.082474
141.582660 1288.793814
141.833201 1288.963918
142.083353 1289.963918
142.333967 1289.360825
142.584390 1346.989011
142.835889 1660.707792
143.086000 1285.784615
143.337108 1286.497436
143.588305 1289.144330
143.838817 1779.695035
144.090050 1286.762887
144.340194 1287.458763
144.590332 1285.317949
144.841072 1289.345361
145.091545 1287.046392
145.341706 1289.396907
145.592256 1288.742268
145.842495 1290.195876
146.093325 1289.613402
146.343758 1286.412371
146.593759 1287.189744
146.844967 1285.779487
147.096187 1287.179487
147.347347 1289.283505
147.598008 1288.644330
147.848463 1287.025641
148.099685 1288.412371
148.349993 1290.551546
148.600686 1289.046392
148.851173 1284.461538
149.101897 1290.824742
149.352495 1289.015464
149.603000 1289.886598
149.853784 1288.365979
150.103923 1290.654639
150.354703 1284.902564
150.605759 1289.644330
150.856332 1284.743590
151.107170 1290.103093
151.357915 1289.128866
151.608448 1291.453608
151.859167 1285.256410
152.110201 1287.278351
152.360324 1289.015464
152.610546 1291.257732
152.861562 1287.773196
153.111692 1286.608247
153.361703 1288.154639
153.611877 1765.443662
153.862983 1289.814433
154.113418 1289.819588
154.363891 1286.840206
154.614190 1290.685567
154.864839 1283.835897
155.115488 1286.432990
155.365575 1287.891753
155.615639 1288.907216
155.866132 1289.484536
156.116798 1286.923077
156.368038 1291.257732
156.618786 1285.748718
156.869821 1287.773196
157.120105 1287.427835
157.370267 1286.856410
157.621400 1285.953846
157.872571 1285.569231
158.123692 1289.546392
158.374251 1289.036082
158.624613 1286.082474
158.874657 1290.762887
159.125475 1284.835897
159.376391 1289.871134
159.627006 1783.564286
159.877017 1289.515464
160.127395 1286.179487
160.378605 1285.056410
160.629531 1287.273196
160.879663 1288.020619
161.129789 1283.861538
161.380559 1288.484536
161.630873 1288.675258
161.881203 1290.963918
162.132051 1287.386598
162.382241 1286.886598
162.632295 1291.025773
162.883072 1288.747423
163.133422 1288.309278
163.383580 1290.762887
163.634387 1289.298969
163.884852 1287.989691
164.135061 1287.510309
164.385232 1285.451282
164.636277 1287.448454
164.886521 1280.435897
165.136536 1282.092308
165.387018 1288.546392
165.637564 1294.689119
165.887569 1288.479381
166.137743 1292.525773
166.388862 1288.989691
166.639425 1280.728205
166.889606 1290.061856
167.140057 1285.635897
167.391285 1290.680412
167.642081 1289.711340
167.892433 1289.324742
168.142905 1285.748718
168.394064 1288.329897
168.644372 1286.659794
168.894376 1287.340206
169.144408 1288.500000
169.394732 1289.536082
169.645179 1286.523077
169.896430 1289.314433
170.146900 1287.654639
170.397114 1289.762887
170.647762 1284.548718
170.898455 1288.216495
171.148910 2148.982456
171.400543 2326.190909
171.650730 1995.904000
171.902626 2873.795455
172.153591 1290.427835
172.404484 1800.913669
172.654978 2848.886364
172.905955 1287.360825
173.156046 1289.979381
173.406634 1288.881443
173.656938 1287.670103
173.907059 1288.742268
174.157677 1297.212435
174.408488 1286.835897
174.659636 1283.543590
174.910539 1287.103093
175.160603 1286.441026
175.411649 1292.386598
175.662587 1285.379487
175.913774 1288.731959
176.164198 1287.871134
176.414231 1290.561856
176.665006 1288.298969
176.915383 1289.891753
177.166178 1288.221649
177.416182 1287.768041
177.666435 1288.768041
177.916925 1289.443299
178.167227 1286.530928
178.417309 1290.541237
178.667935 1285.846154
178.919058 1288.536082
179.169380 1287.458763
179.419538 1288.000000
179.669672 1286.907216
179.919674 1288.149485
180.170123 1289.680412
180.420634 1289.077320
180.671056 1286.492308
180.922327 1286.087179
181.173520 1288.505155
181.423957 2705.923913
181.674753 2061.639344
181.924874 1286.646154
182.176002 1288.180412
182.426251 1290.340206
182.676874 1288.365979
182.927371 1288.572165
183.177655 1292.103093
183.428742 1290.448454
183.679337 1287.453608
183.929492 1285.010256
184.180297 1289.216495
184.430967 1290.175258
184.681580 1289.288660
184.931985 1287.768041
185.182228 1284.302564
185.432990 1289.695876
185.683711 1286.205128
185.934809 1286.953608
186.184853 1289.587629
186.435363 1288.144330
186.685592 1289.221649
186.936014 1480.000000
187.188229 3613.704225
187.438854 1333.122340
187.689938 1287.010256
187.941373 1288.005155
188.191402 1288.948454
188.441678 1287.871134
188.692092 1286.451282
188.943321 1287.319588
189.193467 1287.376289
189.443588 1287.762887
189.693601 1287.737113
189.943779 1287.561856
190.194050 1290.118557
190.444700 1288.695876
190.695032 1285.794872
190.946140 1285.671795
191.197155 1284.861538
191.448135 1287.654639
191.698277 1284.902564
191.949106 1288.298969
192.199552 1286.400000
192.450722 1293.242268
192.701961 1289.953608
192.952527 1290.036082
193.203235 1288.737113
193.453499 1285.041026
193.704451 1287.855670
193.954827 1284.938462
194.205632 1286.456410
194.456872 1290.525773
194.707714 1285.528205
194.958715 1292.778351
195.209957 1767.065217
195.461908 2777.333333
195.712697 1288.824742
195.963037 1287.391753
196.213098 1286.670103
196.463123 1289.067010
196.713565 1287.133333
196.964649 1288.082474
197.215221 1286.071795
197.466186 1286.328205
197.717547 1287.153846
197.968897 1288.958763
198.219348 1283.784615
198.469947 1288.046392
198.720285 1289.082474
198.970761 1291.685567
199.221433 1282.687179
199.472152 1287.525773
199.722340 1288.335052
199.972529 1287.587629
200.222600 1288.907216
200.472982 1289.381443
200.723555 1286.112821
200.974549 1284.856410
201.225896 1287.010256
201.476857 1289.829897
201.727387 1286.798969
201.977415 1294.606218
202.227587 1287.969072
202.478068 1286.251282
202.729017 1283.205128
202.979835 1288.628866
203.229912 1289.737113
203.480683 1291.134021
203.731494 1286.666667
203.982768 1290.664948
204.233544 1287.494845
204.483608 1289.231959
204.734282 1286.328205
204.985387 1286.292308
205.236668 1290.340206
205.487201 1285.435897
205.738377 1289.005155
205.988633 1289.917526
206.239121 1286.634021
206.489299 1288.417526
206.739635 1286.753846
206.990802 1289.530928
207.241236 1285.087179
207.492390 1293.870466
207.742477 1287.376289
207.992571 1289.762887
208.243230 1288.814433
208.493375 1284.830769
208.744442 1290.288660
208.995158 1289.695876
209.245630 1289.097938
209.496062 1291.865979
209.746988 1288.886598
209.997272 1290.345361
210.247978 1288.134021
210.498231 1290.386598
210.748996 1286.969072
210.999027 1287.340206
211.249101 1287.577320
211.499252 1285.676923
211.750425 1290.427835
212.001045 1283.564103
212.251749 1288.190722
212.502104 1290.721649
212.752893 1286.056410
213.003913 1287.922680
213.253940 1285.107692
213.504861 1291.252577
213.755946 1288.659794
214.006097 1288.582474
214.256606 1287.194872
214.507786 1292.819588
214.758943 1287.814433
215.009131 1289.412371
215.259819 1288.402062
215.509990 1286.435897
215.761133 1288.855670
216.011538 1287.907216
216.261737 1287.773196
216.512085 1290.417526
216.762675 1286.046154
217.013882 1289.747423
217.264304 1287.273196
217.514519 1287.948454
217.764620 1288.938144
218.015032 1284.989744
218.266176 1287.615385
218.517489 1289.252577
218.768057 1287.276923
219.019398 1286.687179
219.270556 1289.649485
219.521021 1287.891753
219.771376 1289.314433
220.021830 1287.886598
220.272033 1740.131944
220.522810 1287.582474
220.773156 1284.446154
221.023881 1287.304124
221.273947 1285.564103
221.524955 1289.417526
221.775716 1288.809278
222.025852 1286.628866
222.275940 1288.489691
222.526116 1287.865979
222.776475 1285.507692
223.027640 1286.184615
223.278569 1369.480874
223.530278 1608.012821
223.780712 1289.814433
224.031280 1290.701031
224.282165 1283.420513
224.532807 1286.984536
224.782871 1286.241026
225.033995 1285.835897
225.285307 1289.211340
225.535694 1293.170103
225.786787 1286.164103
226.038027 1291.365979
226.288875 1289.587629
226.539482 1287.979381
226.790010 1288.123077
227.041285 1290.134021
227.292053 1288.190722
227.542375 1735.000000
227.792381 1284.138462
228.043191 1288.932990
228.293700 1289.216495
228.544183 1289.103093
228.794707 1292.010309
229.045493 1288.701031
229.296116 1292.530928
229.547120 1288.005155
229.797257 1286.451282
230.048555 1290.474227
230.299304 1290.948454
230.549944 1289.572165
230.800632 1282.246154
231.050922 1287.536082
231.301149 1288.902062
231.551462 1290.257732
231.802339 1293.556701
232.053582 1288.824742
232.303879 1287.046392
232.554119 1291.974227
232.804973 1289.015464
233.055457 1286.389744
233.306728 1290.438144
233.557300 1287.979381
233.807598 1734.319444
234.057645 1283.487179
234.308145 1284.307692
234.559022 1287.345361
234.809208 1286.292308
235.060404 1285.358974
235.311248 1288.273196
235.561617 1293.632124
235.811643 1290.309278
236.062372 1286.307692
236.313463 1286.670103
236.563558 1288.680412
236.813847 1286.046154
237.065179 1289.865979
237.315635 1289.097938
237.566165 1296.139896
237.816618 1287.855670
238.066695 1286.061538
238.317899 1735.611111
238.568054 1289.020619
238.818598 1285.282051
239.069596 1285.646154
239.320804 1608.387097
239.572113 1370.923913
239.822916 1286.005128
240.074396 1290.525773
240.324948 1286.682051
240.575998 1287.185567
240.826310 1286.620513
241.077417 1288.654639
241.327754 1287.891753
241.578020 1288.144330
241.828259 1286.502564
242.079611 1289.139175
242.330056 1291.422680
242.580990 1288.262887
242.831155 1287.067010
243.081376 1287.680412
243.331424 1285.815385
243.582665 1287.355670
243.832666 1288.804124
244.083077 1287.087629
244.333166 1286.076923
244.584304 1290.793814
244.835051 1285.912821
245.086111 1287.051546
245.336219 1286.512821
245.587368 1289.572165
245.837824 1284.512821
246.088837 1288.015464
246.338988 1287.025773
246.589237 1293.958549
246.839244 1290.298969
247.089859 1286.461538
247.341193 1286.866667
247.592293 1290.649485
247.843109 1289.783505
248.093845 1287.333333
248.345087 1289.608247
248.595736 1286.451282
248.847104 1288.932990
249.097354 1291.525773
249.348188 1285.743590
249.599322 1289.603093
249.849870 1287.113402
250.099982 1286.707692
250.351233 1288.164948
250.601695 1287.963918
250.851787 1286.717949
251.102934 1288.134021
251.353203 1289.989691
251.603959 1289.417526
251.854287 1291.597938
252.105261 1289.309278
252.355952 1289.412371
252.606366 1284.615385
252.857039 1288.979381
253.107450 1287.829897
253.357627 1288.103093
253.607904 1286.706186
253.858030 1285.712821
254.109047 1292.654639
254.360129 1290.850515
254.610758 1286.510309
254.860905 1292.953608
255.111879 1287.051546
255.361923 1291.989691
255.613186 1284.794872
255.863910 1287.814433
256.113955 1288.211340
256.364264 1288.788660
256.614745 1288.340206
256.864948 1287.577320
257.115173 1290.706186
257.365861 1290.376289
257.616628 1288.989691
257.866974 1287.597938
258.117311 1289.113402
258.367594 1286.979381
258.617654 1287.917526
258.867832 1284.687179
259.118861 1284.794872
259.369633 1290.695876
259.620435 1290.814433
259.871197 1289.881443
260.121745 1287.335052
260.371869 1289.623711
260.622294 1288.634021
260.872725 1288.814433
261.123005 1285.174359
261.374070 1289.597938
261.624634 1287.716495
261.874819 1286.292308
262.125957 1286.553846
262.377149 1284.948718
262.628316 1290.788660
262.878907 1288.530928
263.129136 1289.144330
263.379645 1289.515464
263.630182 1285.912821
263.881529 1292.355670
264.132423 1286.953608
264.382613 1285.476923
264.633609 1289.262887
264.883770 1286.015464
265.133838 1288.541237
265.384039 1286.282051
265.635254 1285.820513
265.886374 1290.097938
266.136986 1288.298969
266.387156 1284.687179
266.638096 1284.394872
266.889011 1289.386598
267.139456 1288.242268
267.389633 1292.108247
267.640759 1287.087629
267.890865 1290.077320
268.141572 1289.731959
268.391848 1287.402062
268.641949 1285.902564
268.893235 1287.572165
269.143401 1286.687179
269.394556 1293.533679
269.644613 1286.123077
269.895937 1287.702564
270.147189 1289.701031
270.397834 1289.386598
270.648203 1288.865979
270.898690 1286.379487
271.149895 1292.000000
271.400868 1288.778351
271.651476 1289.974227
271.901889 1287.237113
272.151913 1287.252577
272.402099 1289.180412
272.652472 1286.702564
272.903702 1285.189744
273.154693 1288.402062
273.405244 1288.690722
273.655259 1288.835052
273.905763 1288.551546
274.156009 1285.800000
274.407132 1289.747423
274.657832 1287.541237
274.907925 1283.712821
275.158566 1290.525773
275.409221 1287.695876
275.659445 1284.964103
275.910275 1288.226804
276.160619 1290.273196
276.411262 1289.407216
276.661752 1288.958763
276.912093 1285.133333
277.163115 1289.489691
277.413487 1288.221649
277.663764 1287.654639
277.914096 1288.675258
278.164283 1286.293814
278.414475 1287.680412
278.664526 1286.517949
278.915624 1289.211340
279.166350 1290.798969
279.416829 1289.298969
279.667314 1287.262887
279.917404 1289.206186
280.167844 1286.261538
280.419050 1287.175258
280.669090 1287.391753
280.919262 1285.723077
281.170360 1289.860825
281.420984 1292.309278
281.671967 1286.153846
281.923218 1287.788660
282.173472 1288.391753
282.423525 1287.360825
282.673732 1289.902062
282.924358 1290.402062
283.175144 1286.417526
283.425157 1286.866667
283.676358 1286.860825
283.926549 1290.252577
284.177034 1289.247423
284.427510 1288.381443
284.677774 1285.282051
284.928917 1286.030769
285.179902 1290.391753
285.430557 1290.865979
285.681546 1289.438144
285.932056 1286.076923
286.183100 1291.850515
286.434024 1288.510309
286.684316 1289.381443
286.934770 1286.835052
287.184873 1285.692308
287.435922 1288.865979
287.686240 1289.917526
287.936994 1289.943299
288.187531 1282.548718
288.438109 1286.969231
288.689559 1289.520619
288.939872 1287.752577
289.190100 1287.979381
289.440402 1288.757732
289.690723 1289.731959
289.941199 1286.659794
290.191241 1288.355670
290.441523 1290.510309
290.692116 1287.664948
290.942449 1286.923077
291.193639 1285.430769
291.444882 1292.721649
291.695771 1285.789744
291.947045 1287.494845
292.197224 1289.474227
292.447622 1287.613402
292.697681 1288.572165
292.948029 1285.692308
293.199179 1289.061856
293.449469 1287.417526
293.699650 1288.886598
293.950250 1288.608247
294.200349 1288.381443
294.450721 1289.804124
294.701160 1287.721649
294.951513 1287.886598
295.201889 1287.659794
295.452023 1289.469072
295.702468 1289.958763
295.952943 1282.979487
296.203516 1290.211340
296.454249 1289.231959
296.704663 1287.041237
296.954855 1289.670103
297.205330 1286.441026
297.456641 1288.479381
297.706900 1287.293814
297.956965 1290.000000
298.207739 1288.216495
298.457949 1285.994872
298.708977 1292.123711
298.959891 1285.010256
299.211025 1288.726804
299.461448 1288.701031
299.711744 1289.515464
299.962284 1288.654639
300.212590 1287.731959
300.462772 1290.154639
300.713530 1287.912371
300.963622 1289.154639
301.214102 1286.589744
301.465477 1286.810256
301.716850 1286.384615
301.967944 1287.216495
302.218061 1288.587629
302.468305 1286.860825
302.718376 1289.041237
302.968723 1286.441026
303.219938 1289.201031
303.470391 1287.211340
303.720504 1286.825641
303.971773 1287.087629
304.221790 1286.386598
304.471796 1290.190722
304.722458 1286.769231
304.973732 1287.443299
305.223766 1287.097938
305.474041 1290.551546
305.724600 1289.484536
305.975183 1285.215385
306.226049 1288.170103
306.476258 1287.092784
306.726346 1289.623711
306.976894 1288.582474
307.227269 1288.134021
307.477652 1288.257732
307.727857 1290.762887
307.978665 1288.902062
308.229053 1289.067010
308.479443 1290.922680
308.730299 1285.876289
308.980314 1286.425641
309.231307 1287.469072
309.481726 1288.092784
309.731754 1287.628866
309.981960 1287.587629
310.232121 1290.082474
310.482698 1286.670103
310.732718 1286.314433
310.982793 1292.185567
311.233773 1286.528205
311.484887 1290.701031
311.735749 1291.649485
311.986603 1287.510309
312.236798 1289.448454
312.487452 1288.020619
312.737557 1290.953608
312.988282 1285.558974
313.239356 1286.649485
313.489410 1289.881443
313.740000 1288.701031
313.990332 1286.348718
314.241644 1285.861538
314.492827 1289.072165
314.743100 1290.252577
314.993775 1284.794872
315.244573 1287.025773
315.494793 1290.314433
315.745359 1291.814433
315.996224 1289.010309
316.246857 1287.969072
316.497075 1290.927835
316.747947 1288.793814
316.998111 1287.613402
317.248389 1288.762887
317.498736 1286.482051
317.750015 1288.206186
318.000297 1288.221649
318.250637 1288.211340
318.500819 1289.747423
318.751419 1285.702564
319.002489 1287.355670
319.252560 1288.845361
319.502956 1289.365979
319.753454 1284.892308
320.004389 1287.778351
320.254760 1286.800000
320.505896 1287.783505
320.756113 1289.314433
321.006598 1289.896907
321.257152 1285.841026
321.508372 1288.773196
321.758609 1288.922680
322.009225 1288.324742
322.259465 1288.237113
322.509526 1290.963918
322.760397 1288.365979
323.010759 1285.266667
323.261808 1293.544041
323.511813 1287.036082
323.761841 1289.768041
324.012377 1286.943299
324.262439 1286.010256
324.513464 1286.876289
324.763573 1287.654639
325.013680 1287.113402
325.263819 1289.139175
325.514133 1287.108247
325.764162 1290.592784
326.015012 1285.282051
326.265846 1289.226804
326.516447 1284.384615
326.767237 1290.618557
327.017876 1287.757732
327.268048 1288.489691
327.518569 1290.123711
327.769154 1288.412371
328.019546 1288.015464
328.269626 1286.466667
328.520796 1289.845361
328.771576 1289.206186
329.021844 1287.948454
329.272216 1287.520619
329.522536 1288.778351
329.772646 1286.484536
330.022771 1289.592784
330.273084 1286.747423
330.523128 1291.046392
330.774156 1286.071795
331.025012 1288.603093
331.275337 1288.685567
331.525685 1289.484536
331.776253 1287.752577
332.026421 1287.432990
332.276713 1286.415385
332.527851 1288.159794
332.778157 1288.500000
333.028589 1289.396907
333.278802 1288.515464
333.529335 1290.195876
333.779891 1291.371134
334.030609 1291.716495
334.281739 1286.230769
334.532817 1289.288660
334.783325 1290.056701
335.034065 1288.577320
335.284353 1289.943299
335.534858 1287.902062
335.785075 1293.298969
336.036327 1286.907216
336.286329 1287.603093
336.536436 1291.628866
336.787357 1290.788660
337.038262 1288.304124
337.288424 1287.685567
337.538573 1289.556701
337.789199 1287.891753
338.039327 1291.242268
338.290147 1286.569231
338.541501 1288.170103
338.791620 1289.963918
339.042422 1288.793814
339.292745 1286.517949
339.543946 1287.417526
339.794090 1288.788660
340.044340 1289.793814
340.294950 1287.005155
340.545015 1288.902062
340.795320 1287.721649
341.045538 1290.979381
341.296302 1289.149485
341.546807 1287.597938
341.797038 1292.376289
342.048051 1285.543590
342.299282 1288.273196
342.549405 1289.737113
342.800006 1286.625641
343.051113 1287.298969
343.301254 1287.556701
343.551427 1286.829897
343.801492 1287.365979
344.051686 1288.402062
344.302003 1289.000000
344.552211 1291.695876
344.803212 1288.556701
345.053495 1287.912371
345.303779 1286.287179
345.555138 1293.082474
345.806086 1290.185567
346.056847 1286.317949
346.308012 1288.721649
346.558295 1289.185567
346.808943 1290.170103
347.059495 1284.128205
347.310151 1289.030928
347.560819 1289.489691
347.811137 1289.082474
348.061583 1287.551546
348.311859 1287.582474
348.561951 1289.561856
348.812459 1288.103093
349.062669 1285.261538
349.313632 1290.221649
349.564253 1286.510309
349.814311 1288.726804
350.064612 1289.680412
350.315202 1287.716495
350.565588 1289.417526
350.815821 1289.871134
351.066424 1291.020619
351.317334 1288.757732
351.567693 1289.123711
351.818370 1286.892308
352.069531 1289.041237
352.320043 1286.846154
352.571312 1288.860825
352.821536 1291.376289
353.072517 1289.319588
353.322993 1288.438144
353.573267 1288.809278
353.823744 1286.753846
354.075174 1289.298969
354.325393 1289.257732
354.575975 1289.041237
354.826373 1287.484536
355.076498 1288.391753
355.326916 1289.077320
355.577257 1289.381443
355.827742 1288.948454
356.078026 1286.958763
356.328095 1288.474227
356.578580 1290.329897
356.829308 1289.525773
357.079627 1284.025641
357.330396 1289.757732
357.581172 1287.220513
357.832412 1288.603093
358.082519 1289.190722
358.333258 1288.927835
358.583642 1288.391753
358.834027 1287.484536
359.084126 1285.789744
359.335277 1289.587629
359.585694 1286.210256
359.836897 1291.644330
360.087718 1288.036082
360.337956 1288.422680
360.588296 1286.358974
360.839506 1287.721649
361.089786 1288.221649
361.340151 1286.220513
361.591213 1289.221649
361.841851 1290.876289
362.092446 1287.757732
362.342813 1286.912821
362.594011 1288.010309
362.844227 1291.206186
363.094932 1287.773196
363.345215 1287.979381
363.595511 1288.907216
363.845852 1292.097938
364.096892 1287.530928
364.347069 1288.731959
364.597315 1289.226804
364.848074 1285.846154
365.098917 1287.134021
365.349206 1286.523077
365.600312 1291.180412
365.851430 1293.664948
366.102485 1285.087179
366.353609 1289.335052
366.603917 1286.446154
366.855113 1289.412371
367.105758 1288.025773
367.355854 1286.716495
367.605860 1285.082051
367.856786 1288.087629
368.107057 1288.247423
368.357575 1287.963918
368.607680 1288.814433
368.857912 1287.551546
369.108152 1288.427835
369.358412 1286.046154
369.609611 1286.753846
369.860860 1291.216495
370.111855 1288.675258
370.362144 1290.675258
370.612818 1288.804124
370.863168 1288.051546
371.113387 1289.974227
371.364081 1285.112821
371.615041 1291.505155
371.866098 1288.067010
372.116384 1288.567010
372.366624 1288.608247
372.616857 1286.118557
372.866927 1287.319588
373.117078 1286.702564
373.368355 1289.871134
373.618902 1289.695876
373.869552 1289.298969
374.119974 1287.881443
374.370314 1288.324742
374.620625 1289.365979
374.871153 1288.448454
375.121344 1289.438144
375.371798 1287.927835
375.622145 1289.783505
375.872886 1289.530928
376.123310 1289.134021
376.373701 1291.515464
376.624731 1285.466667
376.875586 1292.515464
377.126869 1287.680412
377.377049 1289.819588
377.627611 1289.422680
377.878254 1287.283505
378.128266 1285.902564
378.379269 1289.139175
378.629762 1288.304124
378.880178 1289.324742
379.130608 1286.482051
379.381921 1286.282051
379.633075 1287.618557
379.883280 1288.793814
380.133580 1288.958763
380.383922 1287.675258
380.634223 1286.646154
380.885466 1286.651282
381.136605 1289.742268
381.387194 1286.430769
381.638530 1289.958763
381.889022 1288.195876
382.139480 1291.190722
382.390275 1291.448454
382.641080 1286.543590
382.892330 1289.216495
383.142922 1288.979381
383.393179 1289.329897
383.643560 1288.860825
383.894048 1283.456410
384.144659 1289.314433
384.395402 1287.701031
384.645411 1285.861538
384.896341 1291.917526
385.147222 1282.953846
385.397919 1288.448454
385.648404 1289.175258
385.898702 1287.618557
386.148872 1290.231959
386.399464 1286.886598
386.649582 1288.087629
386.899909 1288.922680
387.150076 1286.695876
387.400077 1290.051546
387.650886 1285.994872
387.902061 1288.128866
388.152110 1288.170103
388.402316 1289.706186
388.652872 1287.546392
388.903079 1290.051546
389.153791 1287.005155
389.403836 1293.108247
389.654792 1286.938144
389.904932 1287.041237
390.155041 1289.175258
390.405582 1287.287179
390.656715 1284.738462
390.907760 1289.773196
391.158528 1289.144330
391.408717 1287.453608
391.658839 1289.067010
391.909264 1287.484536
392.159507 1289.108247
392.410049 1285.071795
392.660803 1286.871134
392.911077 1288.015464
393.161137 1288.752577
393.411601 1290.804124
393.662285 1288.474227
393.912527 1290.041237
394.163140 1287.288660
394.413212 1287.804124
394.663585 1290.726804
394.914055 1284.902564
395.165037 1289.556701
395.415693 1286.810256
395.666959 1287.030928
395.917190 1293.293814
396.168259 1287.386598
396.418375 1291.561856
396.669184 1285.282051
396.920246 1293.030928
397.171563 1286.912371
397.421614 1289.036082
397.671974 1286.907216
397.921989 1288.463918
398.172264 1290.030928
398.422856 1287.664948
398.673056 1291.742268
398.924121 1287.179487
399.175317 1284.743590
399.426335 1291.149485
399.677107 1285.005128
399.928001 1290.871134
400.178652 1288.587629
400.429156 1288.427835
400.679530 1288.283505
400.929766 1288.371134
401.180062 1288.974227
401.430548 1289.371134
401.680958 1289.139175
401.931345 1286.360825
402.181429 1288.572165
402.431748 1288.752577
402.682006 1290.082474
402.932655 1286.855670
403.182723 1287.891753
403.432857 1290.762887
403.683706 1288.567010
403.933982 1287.474227
404.184258 1284.466667
404.434972 1290.020619
404.685760 1287.235897
404.937016 1284.815385
405.188067 1290.737113
405.438490 1289.087629
405.689043 1286.257732
405.939050 1291.402062
406.189833 1287.654639
406.440087 1285.923077
406.691318 1287.107692
406.942655 1289.530928
407.193155 1286.685567
407.443229 1291.185567
407.693989 1288.520619
407.944216 1286.896907
408.194246 1288.407216
408.444566 1287.113402
408.694867 1286.164103
408.945817 1286.194872
409.197038 1287.350515
409.447184 1286.856410
409.698369 1290.381443
409.949034 1289.020619
410.199658 1285.610256
410.450470 1287.706186
410.700690 1286.482051
410.952004 1289.701031
411.202389 1288.613402
411.452791 1292.427835
411.703874 1288.845361
411.954376 1289.324742
412.204750 1292.840206
412.455811 1287.953608
412.706315 1285.666667
412.957284 1289.989691
413.207883 1292.448454
413.458963 1292.134021
413.709867 1288.505155
413.960384 1286.425641
414.211483 1286.533333
414.462800 1292.077320
414.713773 1283.682051
414.964387 1286.494845
415.214554 1290.154639
415.465138 1289.206186
415.715713 1286.856410
415.966949 1288.685567
416.217078 1291.355670
416.468010 1286.979381
416.718090 1287.556701
416.968239 1286.793814
417.218243 1287.319588
417.468499 1288.788660
417.718775 1288.953608
417.969086 1286.123077
418.220237 1292.699482
418.470240 1286.892308
418.721575 1286.856410
418.972794 1288.134021
419.223082 1287.943299
419.473179 1289.680412
419.723767 1288.185567
419.974195 1287.307692
420.225481 1289.520619
420.476036 1286.051282
420.727037 1286.860825
420.977245 1288.690722
421.227400 1292.474227
421.478602 1289.144330
421.729143 1284.789744
421.980180 1286.820513
422.231322 1288.278351
422.481699 1287.432990
422.731857 1288.912371
422.982193 1286.282051
423.233211 1290.391753
423.483924 1291.082474
423.734951 1286.825641
423.986057 1288.139175
424.236217 1287.969072
424.486551 1287.742268
424.736726 1284.671795
424.987720 1288.819588
425.238161 1286.656410
425.489414 1289.520619
425.739856 1289.396907
425.990193 1287.659794
426.240423 1288.541237
426.490911 1289.721649
426.741421 1289.108247
426.991713 1286.461538
427.242937 1287.768041
427.493257 1289.567010
427.743664 1284.989744
427.994748 1286.158974
428.245612 1290.860825
428.496459 1289.216495
428.746980 1286.041026
428.998069 1291.618557
429.249053 1287.690722
429.499387 1284.492308
429.750137 1287.917526
430.000273 1288.273196
430.250786 1292.742268
430.501949 1288.407216
430.752065 1287.082474
431.002263 1290.010309
431.252654 1286.597938
431.502828 1290.149485
431.753389 1287.036082
432.003703 1290.257732
432.254332 1288.000000
432.504482 1286.410256
432.755908 1292.618557
433.006812 1285.189744
433.257737 1289.443299
433.508293 1288.386598
433.758740 1289.025773
434.009185 1287.092308
434.260456 1288.938144
434.511054 1290.355670
434.761518 1286.435897
435.012776 1288.309278
435.263050 1287.149485
435.513253 1290.015464
435.763698 1289.938144
436.014356 1284.789744
436.265490 1289.432990
436.515715 1288.201031
436.766083 1287.350515
437.016290 1286.907692
437.267580 1290.515464
437.518205 1293.414508
437.768275 1286.420513
438.019586 1287.907216
438.269801 1288.345361
438.520085 1287.845361
438.770244 1288.257732
439.020696 1287.896907
439.270923 1288.216495
439.521036 1287.757732
439.771063 1289.551546
440.021743 1286.174359
440.272967 1289.206186
440.523489 1290.871134
440.774273 1286.779487
441.025477 1284.887179
441.276488 1287.917526
441.526588 1289.865979
441.777021 1286.644330
442.027176 1290.654639
442.277906 1289.128866
442.528289 1284.758974
442.779283 1286.938462
443.030627 1286.241026
443.281768 1290.587629
443.532236 1288.185567
443.782532 1285.815385
444.033791 1290.123711
444.284263 1284.697436
444.535429 1288.577320
444.785583 1290.103093
445.036312 1288.664948
445.286397 1284.328205
445.537425 1291.092784
445.788156 1288.798969
446.038560 1286.979381
446.288761 1288.819588
446.538939 1288.453608
446.789314 1288.005155
447.039496 1285.610256
447.290485 1290.381443
447.541201 1287.118557
447.791385 1287.169231
448.042822 1289.298969
448.293095 1289.938144
448.543657 1286.701031
448.793870 1284.979487
449.044505 1289.814433
449.295138 1285.810256
449.546210 1288.092784
449.796602 1287.644330
450.046689 1289.025773
450.297041 1288.283505
450.547418 1289.123711
450.797729 1285.974359
451.049093 1286.123077
451.300108 1286.415385
451.551354 1290.840206
451.802238 1288.752577
452.052572 1290.597938
452.303142 1285.446154
452.554303 1286.851282
452.805588 1286.374359
453.056610 1288.778351
453.307189 1293.335052
453.558362 1287.185567
453.808557 1286.835897
454.059637 1288.170103
454.309877 1286.979381
454.560000 1287.278351
454.810073 1288.608247
455.060474 1288.237113
455.310613 1291.180412
455.561569 1285.892308
455.812805 1290.000000
456.063325 1289.865979
456.314095 1288.896907
456.564242 1288.458763
456.814708 1283.851282
457.065342 1290.520619
457.316106 1289.618557
457.566744 1290.000000
457.817294 1287.061856
458.067312 1286.400000
458.318741 1285.333333
458.569492 1288.041237
458.819855 1287.664948
459.069903 1288.597938
459.320222 1289.608247
459.570753 1284.923077
459.821805 1288.458763
460.072180 1288.907216
460.322424 1285.523077
460.573434 1286.783505
460.823635 1289.046392
461.074049 1287.276923
461.325435 1288.706186
461.575631 1286.654639
461.825702 1285.482051
462.076658 1286.384615
462.327969 1286.958763
462.578031 1290.510309
462.828628 1287.427835
463.078701 1291.793814
463.329625 1286.927835
463.579689 1288.360825
463.830094 1287.205128
464.081359 1289.201031
464.331774 1291.989691
464.582667 1287.335052
464.832873 1287.891753
465.083089 1290.206186
465.333687 1287.190722
465.583833 1288.298969
465.833954 1290.252577
466.084754 1288.778351
466.335215 1283.589744
466.586019 1287.670103
466.836254 1287.389744
467.087572 1289.994845
467.338052 1288.020619
467.588254 1286.143590
467.839443 1287.546392
468.089627 1287.582474
468.339834 1288.494845
468.590248 1291.603093
468.840931 1288.288660
469.091201 1288.159794
469.341409 1288.345361
469.591806 1291.510309
469.842767 1284.564103
470.093473 1289.623711
470.344281 1289.798969
470.594707 1286.205128
470.845838 1285.666667
471.096904 1286.169231
471.348082 1289.778351
471.598628 1286.543590
471.849855 1289.530928
472.100535 1286.774359
472.351782 1288.139175
472.602055 1290.572165
472.852656 1287.556701
473.102977 1289.453608
473.353175 1286.768041
473.603514 1290.113402
473.854101 1286.548718
474.105388 1288.149485
474.355486 1285.461538
474.606559 1290.994845
474.857377 1290.706186
475.108022 1286.230769
475.359322 1287.726804
475.609619 1287.076923
475.860851 1286.805128
476.112056 1289.427835
476.362677 1289.546392
476.613001 1288.020619
476.863276 1288.577320
477.113539 1290.371134
477.364396 1289.417526
477.614870 1290.190722
477.865568 1288.670103
478.115760 1290.159794
478.366571 1288.773196
478.616771 1290.855670
478.867671 1290.118557
479.118222 1287.912371
479.368410 1288.381443
479.618953 1287.046154
479.870206 1287.835052
480.120357 1286.635897
480.371575 1288.309278
480.621910 1288.979381
480.872266 1286.389744
481.123565 1288.520619
481.373700 1289.283505
481.624280 1287.804124
481.874509 1288.025773
482.124857 1288.644330
482.374999 1291.190722
482.625787 1290.087629
482.876466 1289.402062
483.127223 1288.180412
483.377388 1287.886598
483.627510 1288.273196
483.877832 1286.810256
484.129019 1292.424870
484.379048 1286.343590
484.630100 1287.128866
484.880126 1287.216495
485.130384 1286.887179
485.381533 1286.056410
485.632752 1288.948454
485.883108 1287.025773
486.133403 1289.432990
486.383651 1283.435897
486.634454 1288.608247
486.884795 1285.507692
487.135790 1290.345361
487.386402 1286.000000
487.637666 1289.170103
487.888205 1289.865979
488.138575 1290.943299
488.389690 1287.489691
488.639832 1286.635897
488.890886 1289.907216
489.141480 1286.374359
489.392576 1288.932990
489.643189 1287.164948
489.893193 1285.907692
490.144291 1287.386598
490.394461 1290.613402
490.645147 1289.211340
490.895549 1286.200000
491.146778 1288.108247
491.397142 1288.144330
491.647375 1288.572165
491.897624 1286.128205
492.148918 1290.376289
492.399555 1290.536082
492.650259 1286.241026
492.901391 1289.324742
493.152009 1291.314433
493.402791 1289.706186
493.653438 1287.577320
493.903709 1287.850515
494.153760 1287.170103
494.403812 1291.628866
494.654710 1286.587629
494.904757 1287.319588
495.154966 1287.804124
495.405004 1290.381443
495.655878 1287.010309
495.905882 1288.551546
496.156324 1289.427835
496.406772 1284.220513
496.657435 1286.384615
496.908805 1287.824742
497.158890 1286.530928
497.409009 1290.788660
497.659570 1286.268041
497.909630 1288.056701
498.159737 1289.412371
498.410193 1287.711340
498.660613 1289.113402
498.911006 1287.407216
499.161218 1288.902062
499.411500 1289.231959
499.661789 1291.077320
499.912928 1286.702564
500.164195 1289.798969
500.414759 1288.695876
500.665036 1285.374359
500.916183 1289.082474
501.166561 1286.302564
501.417676 1290.335052
501.668458 1288.262887
501.918585 1288.319588
502.168970 1288.917526
502.419468 1290.711340
502.670192 1287.538462
502.921572 1289.634021
503.172057 1286.747423
503.422252 1291.628866
503.672984 1288.530928
503.923458 1287.829897
504.173474 1289.881443
504.423986 1285.682051
504.675138 1292.020619
504.926212 1289.422680
505.176854 1286.256410
505.428020 1288.654639
505.678268 1287.139175
505.928324 1287.845361
506.178525 1289.567010
506.429068 1288.881443
506.679484 1290.283505
506.930191 1288.618557
507.180584 1287.010309
507.430604 1285.938462
507.681659 1286.984536
507.931792 1288.206186
508.182014 1292.020619
508.433193 1288.365979
508.683315 1288.731959
508.933785 1286.943299
509.183792 1289.010309
509.434188 1288.407216
509.684622 1287.102564
509.935914 1286.804124
510.185956 1290.974227
510.436676 1286.143590
510.687715 1289.340206
510.938251 1290.077320
511.188985 1286.446154
511.440103 1287.608247
511.690436 1289.422680
511.940684 1285.784615
512.191788 1289.123711
512.442336 1288.015464
512.692582 1288.448454
512.942753 1291.871134
513.193864 1285.400000
513.444930 1288.371134
513.695428 1289.572165
513.945797 1288.149485
514.196060 1290.123711
514.446734 1286.128205
514.698077 1290.257732
514.948615 1288.505155
515.198960 1288.757732
515.449420 1288.500000
515.699646 1289.020619
515.950273 1290.773196
516.201092 1285.774359
516.452241 1289.711340
516.702816 1287.979381
516.952821 1292.814433
517.204040 1287.134021
517.454079 1286.128205
517.705533 1287.071795
517.956672 1286.989691
518.206760 1289.278351
518.457396 1287.302564
518.708546 1287.881443
518.958811 1286.035897
519.209967 1285.546392
519.459973 1292.974227
519.710946 1286.035897
519.962126 1291.396907
520.212910 1285.979487
520.464208 1289.185567
520.714783 1288.742268
520.965063 1287.505155
521.215170 1288.216495
521.465493 1287.871134
521.715925 1289.025773
521.966320 1287.206186
522.216458 1285.441026
522.467484 1287.184615
522.718681 1285.661538
522.969933 1289.850515
523.220353 1287.654639
523.470712 1289.190722
523.721134 1289.505155
523.971568 1287.298969
524.221581 1286.979381
524.471749 1289.567010
524.722209 1287.231959
524.972578 1287.071795
525.223825 1285.892308
525.474907 1287.396907
525.724990 1286.731959
525.975208 1288.881443
526.225834 1288.061538
526.477228 1286.933333
526.728513 1288.257732
526.978695 1288.314433
527.228899 1286.427835
527.478985 1291.768041
527.729987 1286.268041
527.980248 1288.128205
528.231349 1287.783505
528.481648 1288.886598
528.732036 1288.902062
528.982607 1288.608247
529.232743 1284.010256
529.483626 1292.000000
529.734647 1288.530928
529.984819 1284.830769
530.235990 1287.082051
530.487166 1288.118557
530.737600 1288.654639
530.987850 1288.701031
531.238199 1288.479381
531.488696 1290.922680
531.739447 1287.340206
531.989600 1288.582474
532.239869 1286.292308
532.491163 1288.721649
532.741463 1288.474227
532.991726 1285.174359
533.242679 1289.010309
533.493085 1292.793814
533.744510 1285.758974
533.995442 1288.804124
534.245945 1288.927835
534.496255 1287.376289
534.746434 1285.441026
534.997522 1287.405128
535.248730 1285.871134
535.498851 1288.701031
535.748884 1286.829897
535.999089 1288.809278
536.249583 1288.628866
536.499748 1292.175258
536.750837 1291.953608
537.001850 1286.230769
537.253149 1287.623711
537.503249 1287.546392
537.753441 1288.969072
538.003895 1288.757732
538.254316 1288.932990
538.504638 1288.283505
538.755055 1286.405128
539.006446 1287.210256
539.257620 1286.618557
539.507756 1288.608247
539.758037 1286.548718
540.009172 1285.989691
540.259248 1290.268041
540.509961 1290.159794
540.760661 1288.634021
541.010863 1286.804124
541.260993 1289.525773
541.511710 1290.902062
541.762303 1283.994872
542.013010 1286.804124
542.263167 1290.170103
542.513724 1290.293814
542.764347 1289.721649
543.015111 1288.974227
543.265448 1287.262887
543.515674 1290.850515
543.766461 1290.046392
544.017047 1287.840206
544.267264 1289.293814
544.517870 1286.733333
544.769196 1288.056701
545.019444 1287.461538
545.270772 1288.850515
545.521039 1288.262887
545.771395 1288.288660
546.021773 1289.644330
546.272205 1284.651282
546.523157 1290.077320
546.773745 1287.123711
547.023867 1288.180412
547.274166 1287.025773
547.524208 1289.103093
547.774850 1288.711340
548.025048 1285.969231
548.276260 1285.256410
548.527334 1286.307692
548.778428 1290.463918
549.028985 1286.654639
549.279085 1291.927835
549.530236 1289.335052
549.780519 1285.907216
550.030540 1291.417526
550.281503 1288.396907
550.531708 1288.231959
550.782051 1287.556701
551.032179 1286.358974
551.283362 1289.365979
551.533924 1287.520619
551.784163 1287.664948
552.034335 1288.793814
552.284633 1287.314433
552.534667 1289.180412
552.785360 1289.484536
553.035905 1292.087629
553.286942 1289.546392
553.537374 1289.402062
553.787857 1289.659794
554.038313 1288.515464
554.288859 1289.103093
554.539086 1289.298969
554.789788 1286.302564
555.040706 1284.994872
555.291762 1289.463918
555.542461 1287.793814
555.792713 1285.707692
556.043670 1290.355670
556.294311 1288.659794
556.544811 1287.865979
556.795108 1288.948454
557.045372 1288.659794
557.295769 1287.747423
557.545961 1292.520619
557.797277 1289.778351
558.047665 1287.402062
558.297827 1286.546392
558.547941 1288.242268
558.798071 1286.360825
559.048290 1286.646154
559.299176 1289.592784
559.549708 1290.809278
559.800705 1289.500000
560.051119 1290.061856
560.301683 1285.917949
560.552833 1289.211340
560.803448 1287.117949
561.054597 1289.170103
561.305278 1288.118557
561.555419 1289.030928
561.805959 1290.113402
562.056418 1285.661538
562.307507 1290.561856
562.558278 1286.630769
562.809471 1292.922680
563.060712 1291.046392
563.311503 1288.201031
563.561797 1286.507692
563.813116 1292.067010
564.064016 1286.778351
564.314051 1288.520619
564.564511 1289.443299
564.814971 1289.618557
565.065317 1283.800000
565.316330 1287.497436
565.567546 1290.458763
565.818260 1288.840206
566.068674 1286.764103
566.320067 1290.010309
566.570661 1291.113402
566.821380 1287.128866
567.071464 1290.350515
567.322159 1287.773196
567.572442 1293.854922
567.822503 1289.623711
568.072862 1285.948718
568.324093 1289.613402
568.574653 1290.201031
568.825319 1288.572165
569.075812 1288.025773
569.325991 1289.644330
569.576513 1288.654639
569.826900 1289.520619
570.077222 1287.768041
570.327543 1287.340206
570.577630 1285.810256
570.828662 1289.309278
571.079253 1287.871134
571.329430 1287.670103
571.579615 1290.556701
571.830142 1286.963918
572.080241 1288.932990
572.330707 1286.343590
572.581939 1285.733333
572.833068 1289.711340
573.083468 1288.345361
573.333927 1290.304124
573.584460 1290.510309
573.835150 1288.979381
574.085716 1290.804124
574.336516 1284.856410
574.587285 1287.365979
574.837291 1287.010309
575.087447 1288.350515
575.337708 1285.728205
575.589055 1289.984536
575.839493 1287.577320
576.089593 1287.268041
576.339665 1291.319588
576.590449 1290.489691
576.841167 1290.649485
577.091907 1288.304124
577.342225 1290.324742
577.592924 1292.427835
577.844071 1287.000000
578.094130 1287.221649
578.344425 1286.323077
578.595479 1287.427835
578.845560 1289.881443
579.096255 1287.005155
579.346338 1287.943299
579.596382 1294.098446
579.846563 1289.221649
580.096968 1286.292308
580.348340 1289.649485
580.598681 1289.139175
580.849204 1286.061538
581.100340 1286.312821
581.351501 1286.793814
581.601677 1289.953608
581.852244 1292.680412
582.103526 1287.174359
582.354686 1288.634021
582.604988 1289.077320
582.855531 1286.164103
583.106559 1285.533333
583.357845 1286.010256
583.608825 1286.497436
583.859974 1289.365979
584.110637 1289.628866
584.361029 1288.541237
584.611455 1289.139175
584.861833 1289.778351
585.112430 1291.474227
585.363323 1287.206186
585.613353 1292.443299
585.864646 1289.134021
586.115133 1290.489691
586.365684 1288.365979
586.615905 1285.634021
586.865968 1292.582474
587.116804 1286.092308
587.367954 1289.618557
587.618585 1290.639175
587.869318 1286.530928
588.119392 1290.860825
588.370046 1285.917526
588.620083 1289.701031
588.870589 1291.402062
589.121434 1287.649485
589.371473 1286.932990
589.621598 1291.407216
589.872500 1288.092784
590.122765 1287.175258
590.372790 1289.407216
590.623181 1289.144330
590.873713 1289.407216
591.124333 1286.851282
591.375446 1288.144330
591.625725 1286.850515
591.875749 1288.128866
592.125957 1286.592784
592.376011 1292.056701
592.626937 1288.087629
592.877209 1292.917526
593.128519 1284.928205
593.379302 1291.623711
593.630260 1289.242268
593.880703 1285.369231
594.131812 1287.963918
594.381867 1285.723077
594.633084 1286.343590
594.884155 1288.139175
595.134578 1288.902062
595.384785 1287.056701
595.634856 1289.927835
595.885602 1289.510309
596.136024 1290.479381
596.386775 1288.721649
596.637217 1288.891753
596.887489 1289.371134
597.138012 1285.605128
597.389034 1297.808290
597.639931 1288.567010
597.890192 1287.221649
598.140385 1287.463918
598.390418 1289.381443
598.640953 1289.927835
598.891737 1288.262887
599.141935 1289.927835
599.392353 1286.298969
599.642353 1287.139175
-----------------------------------
MEMD, exp3_memcached_out, 4636560.000000, 44.000000, 1292.338431, 199.521990, 1276.000000, 1510.000000, 2180.000000, 10141.688200, 27640.000000, 1307.649418, 872.458595
